6 1 176.58 4.65486e-07 1.8109e-07
5.99862 0.999999 176.58 0.0324419 7.54017e-07
5.99454 1 176.58 0.101644 3.02962e-05
5.98776 0.999995 176.58 0.186136 0.000436022
5.97828 0.999995 176.579 0.273595 0.00284883
5.96609 0.999996 176.579 0.355258 0.0119238
5.95119 0.999994 176.579 0.423365 0.0374013
5.9336 1 176.579 0.469762 0.095322
5.9133 0.999999 176.578 0.485951 0.206719
5.89029 1.00001 176.578 0.465022 0.392122
5.86459 0.999997 176.578 0.405185 0.661672
5.83618 1 176.578 0.313474 1.00381
5.80507 0.999993 176.578 0.206812 1.3795
5.77125 1 176.578 0.108078 1.72789
5.73474 0.99999 176.578 0.0376029 1.98585
5.69551 1 176.577 0.0045381 2.11079
5.65359 0.999991 176.577 0.00379875 2.09663
5.60896 1.00001 176.577 0.020645 1.97101
5.56163 0.999993 176.578 0.0392624 1.77965
5.5116 1.00001 176.579 0.0495084 1.56778
5.45886 0.999995 176.579 0.0487425 1.36858
5.40342 1.00001 176.579 0.0396955 1.20045
5.34527 0.999992 176.58 0.0271114 1.07002
5.28443 1.00001 176.579 0.0151903 0.976793
5.22088 0.999992 176.578 0.0064343 0.916978
5.15462 1.00002 176.579 0.00158785 0.885716
5.08567 0.999992 176.578 0.000130087 0.878384
5.01401 1.00002 176.578 0.000897876 0.89053
4.93964 1 176.577 0.00261402 0.918022
4.86258 1.00002 176.577 0.00423887 0.956771
4.7828 1 176.576 0.00514398 1.00262
4.70033 1.00002 176.576 0.00513309 1.05138
4.61516 0.999999 176.575 0.00435317 1.09896
4.52727 1.00002 176.574 0.00314593 1.14172
4.43669 1 176.574 0.00189054 1.17673
4.3434 1.00003 176.574 0.000880588 1.20212
4.24741 1 176.573 0.000260832 1.21722
4.14872 1.00003 176.573 2.71388e-05 1.22237
4.04733 1 176.574 7.20255e-05 1.21887
3.94323 1.00004 176.575 0.000248933 1.20868
3.83643 1 176.575 0.000428647 1.19399
3.72692 1.00003 176.575 0.000530612 1.17699
3.61471 0.999998 176.576 0.000530238 1.15962
3.4998 1.00003 176.576 0.000445839 1.14344
3.38218 0.999989 176.577 0.000317728 1.12958
3.26186 1.00002 176.577 0.000187747 1.1187
3.13884 0.999985 176.577 8.57631e-05 1.11109
3.01311 1.00002 176.579 2.49137e-05 1.10673
2.88469 0.999989 176.578 3.14551e-06 1.10532
2.75355 1.00002 176.578 9.00844e-06 1.10641
2.61972 0.999991 176.578 2.75619e-05 1.10949
2.48318 1.00002 176.578 4.58752e-05 1.11392
2.34394 0.999988 176.578 5.63186e-05 1.11912
2.20199 1.00002 176.578 5.64132e-05 1.1245
2.05735 0.999981 176.577 4.79021e-05 1.12962
1.90999 1.00001 176.576 3.4758e-05 1.13407
1.75994 0.999974 176.575 2.12005e-05 1.13762
1.60718 1 176.575 1.03885e-05 1.14014
1.45172 0.999972 176.574 3.76631e-06 1.14161
1.29356 1 176.574 1.08359e-06 1.14212
1.13269 0.999972 176.573 1.30112e-06 1.14179
0.969118 1 176.573 3.32693e-06 1.14084
0.802844 0.999974 176.572 5.64902e-06 1.13946
0.633867 1 176.571 6.85868e-06 1.13782
0.462187 0.999974 176.57 6.94823e-06 1.13612
0.287904 1 173.79 0.658011 1.24201
0.118465 1.00021 150.219 5.85087 13.7385
-0.0355411 1.00013 120.493 12.039 42.8143
-0.169528 1.00013 102.252 11.5047 66.0785
-0.281843 1.00015 78.3224 11.7639 85.2921
-0.362269 1.00013 27.3692 13.5842 152.369
-0.399217 1.00017 -9.91984 5.72988 222.774
-0.38755 1.00019 -1.19758 2.24029 206.148
-0.333744 1.00014 27.4853 11.5694 119.703
-0.251019 1.00008 47.1177 14.1591 57.0332
-0.152588 1.00008 56.5149 11.5309 26.7094
-0.0473802 1.00007 62.019 8.16708 11.2334
0.0593733 1.00003 64.2129 5.80732 3.60233
0.164488 1 64.4379 3.94171 0.888863
0.26694 1.00003 64.4128 2.30579 0.223606
0.366687 1.00003 64.4138 1.18865 0.0901191
0.463732 1 64.4348 0.530459 0.0667464
0.558073 1.00002 64.4238 0.187126 0.0654649
0.649712 1.00003 64.4043 0.0393675 0.0729422
0.738646 1 64.4374 0.0142571 0.0727973
0.824878 1.00003 64.4205 0.0595315 0.0645335
0.908406 1.00004 64.4118 0.136849 0.0580226
0.989232 1.00002 64.4308 0.225831 0.0543109
1.06735 1.00003 64.4283 0.313771 0.0557948
1.14277 1.00004 64.4007 0.391255 0.0700091
1.21549 1.00002 64.4328 0.453628 0.10132
1.2855 1.00002 64.427 0.496864 0.156732
1.35281 1.00004 64.4075 0.515837 0.248973
1.41741 1.00002 64.4241 0.506508 0.388574
1.47932 1.00001 64.4332 0.466947 0.581878
1.53852 1.00004 64.3964 0.398918 0.828148
1.59501 1.00002 64.428 0.30964 1.11303
1.6488 1.00001 64.4323 0.212116 1.40805
1.69989 1.00005 64.4 0.122441 1.67533
1.74828 1.00003 64.4193 0.0547685 1.87533
1.79396 1.00002 64.4315 0.0165308 1.97922
1.83694 1.00004 64.4022 0.00567605 1.97907
1.87722 1.00003 64.4183 0.0125052 1.88953
1.91479 1 64.4314 0.0250921 1.74047
1.94966 1.00004 64.3979 0.0343253 1.56568
1.98183 1.00003 64.415 0.0362605 1.3932
2.01129 1.00001 64.4277 0.0314955 1.2411
2.03805 1.00003 64.4087 0.0229807 1.11813
2.06211 1.00004 64.4046 0.0139371 1.02637
2.08346 1.00001 64.4294 0.00664642 0.964148
2.10212 1.00004 64.4064 0.00210795 0.928117
2.11806 1.00004 64.4084 0.000248164 0.914415
2.13131 1.00002 64.4246 0.000346263 0.919321
2.14185 1.00004 64.4151 0.00145957 0.939034
2.14969 1.00004 64.397 0.00273884 0.969834
2.15482 1.00002 64.4269 0.00360826 1.00797
2.15725 1.00002 64.4173 0.00381941 1.04966
2.15698 1.00004 64.4006 0.00340883 1.09128
2.154 1.00002 64.4222 0.00259575 1.12953
2.14833 1.00002 64.4242 0.00166208 1.16173
2.13994 1.00005 64.3893 0.00085037 1.18605
2.12886 1.00002 64.4268 0.000302697 1.20166
2.11507 1.00002 64.4269 4.78535e-05 1.20866
2.09858 1.00006 64.3908 2.6209e-05 1.20789
2.07938 1.00002 64.4223 0.000135516 1.20089
2.05749 1.00002 64.4255 0.000274143 1.18946
2.03288 1.00004 64.3945 0.000370773 1.17547
2.00558 1.00002 64.4207 0.000394831 1.16064
1.97557 0.999996 64.4279 0.000350834 1.14641
1.94286 1.00005 64.387 0.000264488 1.13384
1.90745 1.00001 64.4189 0.000167229 1.12366
1.86933 1.00002 64.4237 8.44503e-05 1.11621
1.82851 1.00004 64.3979 2.98236e-05 1.11158
1.78498 1.00004 64.4073 5.09548e-06 1.10957
1.73876 1.00001 64.4243 3.87425e-06 1.10983
1.68983 1.00005 64.3949 1.56331e-05 1.11193
1.63819 1.00003 64.409 2.98471e-05 1.11539
1.58385 1.00002 64.4203 3.9754e-05 1.11965
1.52681 1.00003 64.4025 4.22741e-05 1.12425
1.46707 1.00004 64.3963 3.78822e-05 1.12873
1.40462 0.999999 64.42 2.90459e-05 1.13274
1.33947 1.00003 64.406 1.89567e-05 1.13604
1.27162 1.00003 64.3943 1.02151e-05 1.13849
1.20106 1.00002 64.4171 4.30279e-06 1.14004
1.1278 1.00002 64.4093 1.42441e-06 1.14073
1.05184 1.00006 64.3846 8.66169e-07 1.14067
0.973176 1 64.419 1.77503e-06 1.14002
0.891806 1.00003 64.4156 3.65472e-06 1.13895
0.807734 1.00004 64.3802 4.96211e-06 1.13762
0.720958 1.00002 64.4185 5.33847e-06 1.13618
0.631479 1.00001 64.4122 4.96935e-06 1.13478
0.539296 1.00005 64.3868 4.11436e-06 1.13351
0.444411 1 64.4151 3.08401e-06 1.13247
0.346822 1.00001 64.4193 2.16356e-06 1.13169
0.249581 1.00012 56.875 1.50203 3.83732
0.158261 1.00006 45.8067 3.98213 13.7163
0.0768997 1.00013 34.3539 5.48339 26.9583
0.00787345 1.00011 25.358 4.88829 41.7277
-0.0481622 1.00011 21.0645 2.29214 52.0129
-0.0921769 1.0001 21.8542 0.594392 51.5097
-0.127368 1.00009 25.9299 1.93483 37.9921
-0.155964 1.00003 23.4911 3.90398 23.4937
-0.171443 1.00014 9.15723 3.37228 32.4565
-0.170123 1.00016 -1.24714 1.69966 47.8278
-0.151438 1.00011 -0.672463 0.964007 45.1735
-0.121032 1.00008 4.02162 0.901003 32.7833
-0.085339 1.00006 7.48595 1.8897 20.2322
-0.0488452 1.00004 8.99872 3.08449 10.6261
-0.0139649 1.00003 9.3256 3.40429 4.81704
0.0185402 1.00003 9.30912 2.61097 2.04143
0.0496564 1.00004 9.3231 1.46547 1.06287
0.0793231 1.00004 9.33148 0.670228 0.782445
0.107463 1.00008 9.2864 0.221626 0.723472
0.134141 1.00002 9.33583 0.0370296 0.763986
0.159234 1.00005 9.29671 0.0134166 0.748258
0.182396 1.00002 9.32913 0.0551669 0.697442
0.203311 1.00003 9.33495 0.105305 0.672801
0.221812 1.00004 9.30699 0.142909 0.698622
0.237818 1.00003 9.32822 0.162995 0.776905
0.251339 1.00003 9.29984 0.16719 0.907952
0.26243 1.00003 9.27936 0.159221 1.09096
0.271181 1.00002 9.2474 0.138523 1.31029
0.277578 1.00002 9.22821 0.102973 1.53526
0.281606 1.00004 9.17402 0.0667881 1.74993
0.283419 1.00003 9.12805 0.0453228 1.97573
0.283291 1.00003 9.01348 0.0334944 2.23128
0.281429 1.00004 8.86224 0.0280827 2.49322
0.278043 1.00002 8.73655 0.0238679 2.76836
0.273352 1.00004 8.53358 0.0256984 3.09063
0.26768 1.00004 8.31099 0.0304754 3.48974
0.261312 1.00003 8.09751 0.0315186 3.91855
0.254481 1.00004 7.86476 0.0317028 4.37562
0.24746 1.00005 7.6006 0.0342892 4.90661
0.240547 1.00001 7.39839 0.0335142 5.44718
0.233897 1.00004 7.20493 0.0238739 5.86706
0.227572 1.00004 7.08031 0.0137361 6.20527
0.221645 1.00004 7.00573 0.00514186 6.4185
0.216095 1.00006 6.97069 0.000842929 6.47029
0.210923 1.00004 7.00744 0.00145441 6.42664
0.206044 1.00001 7.12075 0.0085537 6.15715
0.201147 1.00004 7.26343 0.0280072 5.6167
0.195837 1.00004 7.44292 0.0496452 4.99586
0.189856 1.00003 7.63682 0.0652013 4.37307
0.182881 1.00003 7.80093 0.0838407 3.69785
0.174495 1.00002 7.95643 0.0981636 3.05063
0.164363 1.00003 8.06549 0.102127 2.48409
0.152194 1.00001 8.15592 0.098912 2.01098
0.137739 1.00004 8.18155 0.0866722 1.63618
0.12083 1.00003 8.22202 0.0697804 1.35171
0.101325 1.00002 8.2339 0.052126 1.14235
0.0791427 1.00004 8.21634 0.0330135 0.999271
0.0542807 1.00002 8.2357 0.0155379 0.910962
0.0281272 1.00003 6.66271 0.302594 1.13964
0.00261881 1.00005 5.01622 0.580115 2.28652
-0.0219647 1.00007 3.17578 0.855892 4.35246
-0.0448706 1.00006 1.50353 0.954203 6.91646
-0.0656549 1.00007 0.267366 0.778873 9.38903
-0.0841821 1.00004 -0.367502 0.449999 11.3236
-0.100115 1.00006 -0.857902 0.260351 12.3431
-0.113019 1.00005 -1.31546 0.229002 12.8698
-0.122336 1.00005 -2.01228 0.267623 13.3141
-0.127548 1.00006 -2.81376 0.250094 14.0306
-0.128228 1.00006 -3.342 0.159483 14.6793
-0.124337 1.00007 -3.37472 0.0725311 14.5405
-0.116309 1.00004 -2.83803 0.0651078 13.3563
-0.105042 1.00005 -2.06389 0.149778 11.2742
-0.0916065 1.00004 -1.30857 0.255644 9.02967
-0.0769102 1.00002 -0.695838 0.323129 7.01993
-0.0617837 1.00003 -0.277674 0.336177 5.39251
-0.0469007 1.00002 -0.00265276 0.298376 4.19257
-0.032757 1.00003 0.181023 0.232306 3.33329
-0.0197397 1.00002 0.323663 0.162863 2.70462
-0.00816967 1.00002 0.429026 0.104311 2.23252
0.001706 1.00003 0.503791 0.0605311 1.88765
0.0097159 1.00002 0.569479 0.0312525 1.64667
0.015723 1.00001 0.617341 0.0147011 1.47681
0.0196211 1.00001 0.649318 0.00662208 1.36419
0.0213742 1.00002 0.663899 0.00458873 1.308
0.0210019 1.00002 0.670507 0.00779536 1.30694
0.0185827 1.00001 0.658901 0.0160274 1.35797
0.0142101 1.00001 0.622777 0.027478 1.4611
0.00801126 1.00001 0.557858 0.0414999 1.62344
0.000166001 1.00002 0.457799 0.0569784 1.85718
-0.00909994 1.00002 0.307061 0.0737675 2.17817
-0.0194904 1.00003 0.100819 0.090996 2.60719
-0.0306636 1.00002 -0.159428 0.104369 3.15933
-0.0422492 1.00004 -0.486777 0.111479 3.83566
-0.0538279 1.00003 -0.862138 0.112983 4.64481
-0.0649423 1.00003 -1.26735 0.10516 5.55035
-0.075167 1.00003 -1.69247 0.0883083 6.48805
-0.0840745 1.00003 -2.09727 0.068021 7.42593
-0.0912694 1.00003 -2.45236 0.0444025 8.26508
-0.0964659 1.00004 -2.72482 0.0224665 8.91373
-0.0994653 1.00003 -2.89255 0.0074241 9.32261
-0.100179 1.00003 -2.93531 0.00180063 9.44132
-0.0986576 1.00004 -2.85623 0.00664409 9.24428
-0.0950809 1.00004 -2.68256 0.0197651 8.78365
-0.0897057 1.00003 -2.42517 0.0368308 8.12463
-0.0828969 1.00004 -2.13573 0.0547138 7.32176
-0.0750692 1.00003 -1.83563 0.0673692 6.48528
-0.0666255 1.00002 -1.55004 0.073065 5.67534
-0.0579778 1.00002 -1.2966 0.0726472 4.92557
-0.0495098 1.00002 -1.07936 0.0662175 4.26988
-0.04155 1.00001 -0.902989 0.0553083 3.72094
-0.0343681 1.00002 -0.762982 0.0420212 3.27931
-0.0281764 1.00001 -0.651769 0.0287777 2.93604
-0.0231419 1.00001 -0.570327 0.0174219 2.67774
-0.0193845 1.00002 -0.515642 0.00857563 2.4977
-0.016965 1.00002 -0.479425 0.00270506 2.39136
-0.0158985 1.00001 -0.462976 0.000274229 2.34902
-0.0161711 1.00002 -0.4676 0.000980845 2.36358
-0.0177327 1.00001 -0.493081 0.00427793 2.43491
-0.0204905 1.00001 -0.539962 0.00962298 2.56445
-0.0243194 1.00001 -0.611797 0.0161246 2.75183
-0.0290678 1.00001 -0.709275 0.0228138 2.99764
-0.0345561 1.00001 -0.831536 0.0287938 3.30241
-0.0405803 1.00002 -0.981056 0.0332554 3.66356
-0.0469122 1.00002 -1.1563 0.035937 4.07906
-0.0533001 1.00002 -1.34762 0.0363154 4.54063
-0.0594944 1.00002 -1.55079 0.0335792 5.02485
-0.0652557 1.00003 -1.75606 0.0285587 5.51369
-0.0703477 1.00003 -1.94783 0.0220915 5.98371
-0.0745667 1.00003 -2.11659 0.01469 6.39612
-0.0777558 1.00003 -2.2478 0.00786167 6.72545
-0.0798023 1.00003 -2.33473 0.00278215 6.94788
-0.0806513 1.00003 -2.37132 0.00025214 7.04569
-0.0803084 1.00002 -2.35576 0.000585293 7.01379
-0.0788402 1.00002 -2.29657 0.00349904 6.85958
-0.0763605 1.00002 -2.19787 0.00806247 6.60547
-0.0730248 1.00002 -2.0713 0.0132642 6.27015
-0.0690269 1.00003 -1.93021 0.0179904 5.88279
-0.0645721 1.00002 -1.78132 0.0210869 5.47615
-0.0598707 1.00002 -1.63633 0.0223382 5.06954
-0.0551334 1.00003 -1.50023 0.0216399 4.68384
-0.0505545 1.00002 -1.37744 0.019237 4.33476
-0.0463085 1.00003 -1.27201 0.0157182 4.03017
-0.0425437 1.00002 -1.18357 0.0116177 3.77572
-0.0393795 1.00002 -1.11226 0.00761173 3.57246
-0.0369081 1.00002 -1.05953 0.00421396 3.41942
-0.0351915 1.00002 -1.02411 0.00169568 3.31743
-0.0342576 1.00002 -1.00432 0.000293849 3.26495
