2.73483 1 80.4862 4.65485e-07 1.8109e-07
2.73346 1 80.486 0.0324419 7.54016e-07
2.72938 1 80.4857 0.101644 3.02962e-05
2.7226 1 80.4855 0.186136 0.000436022
2.71311 1 80.4853 0.273595 0.00284883
2.70092 0.999999 80.485 0.355258 0.0119238
2.68603 1 80.4848 0.423365 0.0374013
2.66843 1 80.4846 0.469762 0.095322
2.64814 1 80.4843 0.485951 0.206719
2.62513 1 80.4841 0.465022 0.392121
2.59943 1 80.4838 0.405185 0.661672
2.57102 0.999999 80.4836 0.313474 1.00381
2.53991 1 80.4834 0.206812 1.3795
2.50609 1 80.4832 0.108078 1.72789
2.46958 1.00001 80.483 0.0376029 1.98585
2.43036 1 80.4828 0.0045381 2.11079
2.38843 1.00001 80.4826 0.00379875 2.09663
2.3438 1 80.4824 0.020645 1.97101
2.29647 1 80.4823 0.0392624 1.77965
2.24644 0.999995 80.4821 0.0495083 1.56778
2.1937 1 80.4819 0.0487425 1.36858
2.13826 0.999997 80.4816 0.0396955 1.20045
2.08012 1 80.4815 0.0271114 1.07002
2.01927 1 80.4813 0.0151903 0.976792
1.95572 1.00001 80.4809 0.0064343 0.916979
1.88946 1 80.4807 0.00158785 0.885716
1.82051 1.00001 80.4805 0.000130087 0.878385
1.74885 1 80.4802 0.000897876 0.890529
1.67448 1.00001 80.4798 0.00261402 0.918022
1.59741 0.999999 80.4797 0.00423887 0.956771
1.51764 1 80.4796 0.00514398 1.00262
1.43517 0.999996 80.4793 0.00513309 1.05137
1.34999 1 80.4792 0.00435316 1.09896
1.26211 0.999997 80.4789 0.00314593 1.14171
1.17153 1 80.4788 0.00189054 1.17673
1.07824 0.999999 80.4786 0.000880588 1.20212
0.982255 1 80.4783 0.000260832 1.21722
0.883562 0.999999 80.4782 2.71388e-05 1.22237
0.782166 1 80.478 7.20255e-05 1.21887
0.678066 0.999997 80.4777 0.000248934 1.20868
0.571264 1 80.4775 0.000428647 1.19398
0.461758 0.999994 80.4773 0.000530612 1.17699
0.349549 0.999999 80.477 0.000530238 1.15962
0.235987 1.00001 75.56 0.947886 2.32435
0.126788 1.00013 65.47 3.11615 9.87033
0.0263367 1.00009 54.4577 4.92939 21.7344
-0.0636765 1.00011 47.2109 4.56142 32.2651
-0.143685 1.00011 44.9907 2.26547 37.6298
-0.212901 1.00007 34.2279 3.39128 42.9776
-0.263556 1.00017 11.6522 5.14335 68.1797
-0.289284 1.00014 -6.53442 3.2745 99.0815
-0.287207 1.00013 -6.279 0.492897 100.523
-0.261094 1.00011 4.04114 2.77619 71.9759
-0.217631 1.00005 12.8492 5.53308 41.6063
-0.163205 1.00006 17.3537 5.64463 23.5703
-0.102582 1.00005 20.0522 4.22505 14.068
-0.0388632 1.00005 22.1846 2.86883 7.89528
0.0255075 1.00004 23.4706 1.98831 3.87341
0.0886996 1.00001 23.936 1.39129 1.66319
0.149536 1 23.9684 0.896113 0.66947
0.207678 1.00002 23.96 0.470405 0.299235
0.263117 1.00003 23.9555 0.195995 0.161136
0.315852 1.00001 23.9672 0.0582422 0.109996
0.365884 1 23.9674 0.0163842 0.0955823
0.413214 1.00002 23.9587 0.0326886 0.102058
0.457839 1.00002 23.9551 0.0784602 0.126287
0.499762 1 23.9659 0.133296 0.171079
0.538981 1 23.9665 0.182817 0.242639
0.575497 1.00002 23.9583 0.217015 0.348232
0.60931 1.00003 23.9542 0.229768 0.493727
0.64042 1.00001 23.9653 0.219011 0.680231
0.668826 1.00001 23.9653 0.187183 0.900724
0.694529 1.00002 23.9563 0.141209 1.13823
0.717529 1.00002 23.956 0.0911338 1.36726
0.737826 1.00001 23.9628 0.0473581 1.55889
0.755419 1.00001 23.9624 0.0173636 1.6886
0.770309 1.00002 23.9579 0.0034189 1.74371
0.782496 1.00002 23.9557 0.00255678 1.7264
0.79198 1.00002 23.9585 0.00875957 1.65172
0.798761 1.00001 23.9626 0.0159473 1.54135
0.802838 1.00002 23.9603 0.0201572 1.41705
0.804212 1.00003 23.95 0.0201517 1.29606
0.802882 1.00002 23.959 0.0167602 1.18961
0.79885 1.00001 23.9628 0.0117345 1.10343
0.792114 1.00002 23.9591 0.00677324 1.03927
0.782675 1.00003 23.9482 0.00299166 0.996418
0.770533 1.00002 23.9583 0.000804735 0.972865
0.755688 1 23.9618 6.88715e-05 0.966025
0.738138 1.00001 23.9587 0.000323267 0.973092
0.717887 1.00003 23.9456 0.0010248 0.991022
0.694931 1.00001 23.958 0.00171583 1.01676
0.669273 1 23.9609 0.00211361 1.04722
0.640911 1.00002 23.9576 0.0021253 1.07939
0.609846 1.00003 23.9451 0.00180998 1.11051
0.576078 1.00002 23.9569 0.0013119 1.13822
0.539606 1.00001 23.9598 0.000791175 1.16074
0.500431 1.00002 23.9558 0.000370981 1.177
0.458553 1.00003 23.9457 0.000111826 1.1867
0.413972 1.00002 23.9558 1.23807e-05 1.19012
0.367656 1.00001 22.867 0.181982 1.51496
0.321287 1.00003 21.1546 0.49692 2.82387
0.276172 1.00001 18.8102 0.921847 5.3836
0.233798 1.00001 15.9245 1.3197 9.28755
0.195652 1.00004 12.7138 1.51719 14.5029
0.163198 1.00004 9.47541 1.38981 20.7162
0.13782 1.00003 6.59602 0.9286 27.1567
0.120696 1.00003 4.45551 0.365947 32.542
0.112697 1.00003 3.39526 0.0329681 35.4272
0.114247 1.00002 3.60446 0.0508311 34.9625
0.12514 1.00002 4.99045 0.272128 31.3979
0.144424 1.00003 7.16706 0.509016 25.8507
0.170502 1.00002 9.59855 0.673612 19.6692
0.201378 1.00002 11.7768 0.764765 13.9294
0.234983 1.00002 13.4257 0.789274 9.27196
0.269489 1.00001 14.4974 0.754893 5.86982
0.303439 1.00001 15.0804 0.672041 3.58406
0.335787 1.00002 15.3322 0.555851 2.15411
0.365863 1.00001 15.4063 0.418066 1.31529
0.393313 1.00002 15.406 0.272885 0.853823
0.41806 1.00001 15.4073 0.144614 0.612595
0.440104 1.00002 15.4048 0.0588113 0.489777
0.459445 1.00001 15.405 0.0149005 0.435922
0.476082 1.00001 15.4069 0.00272573 0.42725
0.490016 1.00002 15.4028 0.0100665 0.452694
0.501247 1.00001 15.4063 0.0259389 0.507391
0.509775 1.00001 15.4062 0.0419004 0.588792
0.515599 1.00002 15.4011 0.0524599 0.694197
0.51872 1.00001 15.4041 0.0550816 0.818909
0.519138 1.00001 15.4054 0.0499028 0.955251
0.516853 1.00001 15.4042 0.039124 1.0926
0.511865 1.00002 15.4015 0.0260658 1.21866
0.504173 1.00001 15.403 0.0140509 1.3217
0.493778 1.00001 15.4039 0.00542173 1.39304
0.48068 1.00002 15.4012 0.00101526 1.42872
0.464878 1.00001 15.4035 0.000247265 1.43024
0.446373 1.00001 15.4023 0.00167483 1.40352
0.425166 1.00001 15.4006 0.00371607 1.35707
0.401254 1.00001 15.4017 0.00520543 1.29992
0.37464 1.00001 15.4012 0.00562294 1.24016
0.345586 1.00001 15.194 0.0244946 1.22715
0.3149 1.00002 14.8272 0.0693248 1.44038
0.283043 1.00004 14.2952 0.148676 1.9405
0.250554 1.00004 13.6173 0.255822 2.79881
0.218017 1.00003 12.8417 0.342786 3.99483
0.185862 1.00003 12.0899 0.355632 5.36165
0.15437 1.00004 11.4393 0.294236 6.72605
0.123762 1.00006 10.9346 0.181657 7.93074
0.0941401 1.00004 10.7109 0.0685077 8.70568
0.0652995 1.00004 10.7475 0.0143158 8.69027
0.0367702 1.00004 11.0118 0.0591494 7.90205
0.00803715 1.00004 11.3665 0.185499 6.53238
-0.0215514 1.00004 11.7095 0.296416 5.0166
-0.0504632 1.00001 8.71882 0.640596 4.69224
-0.0753752 1.00006 4.36183 0.926226 8.07701
-0.095229 1.0001 0.103767 1.16766 13.5212
-0.108857 1.00008 -2.46774 1.02686 17.7528
-0.116661 1.00007 -3.04487 0.510993 19.2691
-0.119787 1.00004 -2.44108 0.196263 18.3273
-0.119108 1.00006 -1.70785 0.354589 15.6182
-0.115151 1.00003 -1.31777 0.593427 12.903
-0.108132 1.00003 -1.31763 0.627923 11.1087
-0.098306 1.00005 -1.39341 0.471388 10.1005
-0.0859622 1.00005 -1.26146 0.285657 9.29709
-0.0716796 1.00004 -0.849559 0.180933 8.0989
-0.0563502 1.00004 -0.315369 0.168907 6.57417
-0.0409222 1.00003 0.185095 0.195523 5.05708
-0.0261879 1.00002 0.556196 0.215592 3.73372
-0.0127843 1.00002 0.776081 0.211515 2.72849
-0.00114962 1.00001 0.887844 0.178966 2.04114
0.0084725 1.00001 0.925866 0.131086 1.60457
0.0159645 1.00001 0.925504 0.0812874 1.352
0.0213274 1.00001 0.912137 0.0403783 1.23156
0.0245931 1.00002 0.88957 0.0172455 1.20288
0.0258041 1.00001 0.857525 0.0106001 1.24182
0.0250186 1.00002 0.814435 0.0151511 1.33609
0.0223083 1.00002 0.758221 0.0253833 1.48183
0.0177635 1.00002 0.697621 0.036219 1.67465
0.0114868 1.00002 0.623715 0.0438569 1.90192
0.00358969 1.00002 0.542165 0.0472556 2.15982
-0.00572314 1.00001 0.42056 0.0612041 2.44762
-0.0160687 1.00002 0.251646 0.0761853 2.78486
-0.0272181 1.00002 0.0324699 0.087662 3.20053
-0.0388538 1.00003 -0.257491 0.099361 3.73617
-0.0505723 1.00002 -0.621042 0.108808 4.42509
-0.0619248 1.00002 -1.05548 0.112662 5.26444
-0.0724482 1.00002 -1.51989 0.104767 6.2153
-0.0817076 1.00003 -1.97738 0.0859031 7.20048
-0.0892979 1.00003 -2.37524 0.0593975 8.12114
-0.0949103 1.00003 -2.67206 0.0316719 8.86013
-0.0983549 1.00003 -2.84666 0.0112944 9.32068
-0.0995665 1.00004 -2.89724 0.00429908 9.4612
-0.0985915 1.00004 -2.84025 0.0104753 9.30458
-0.0955594 1.00003 -2.6885 0.0245331 8.89511
-0.0907027 1.00003 -2.46575 0.041411 8.27742
-0.0843458 1.00003 -2.19944 0.0568821 7.526
-0.0768606 1.00003 -1.91019 0.0679111 6.71461
-0.0686499 1.00002 -1.62644 0.0737099 5.90098
-0.0601176 1.00002 -1.36245 0.0735629 5.13587
-0.0516484 1.00002 -1.13562 0.0681829 4.45169
-0.0435861 1.00002 -0.945061 0.0584253 3.8705
-0.036224 1.00002 -0.79393 0.0462057 3.39526
-0.0297996 1.00002 -0.677082 0.0330844 3.02265
-0.0244911 1.00002 -0.591326 0.0208108 2.74453
-0.0204203 1.00001 -0.529264 0.0107684 2.5509
-0.0176618 1.00001 -0.489217 0.00403036 2.42952
-0.0162543 1.00001 -0.470309 0.000746906 2.37192
-0.0161934 1.00001 -0.469672 0.000622345 2.37493
-0.0174332 1.00001 -0.489884 0.00327199 2.4354
-0.0198923 1.00001 -0.53133 0.00805446 2.55182
-0.0234565 1.00001 -0.595921 0.0142279 2.72393
-0.0279836 1.00002 -0.685526 0.0208171 2.95301
-0.0332997 1.00002 -0.801255 0.0271808 3.24068
-0.0392056 1.00002 -0.94572 0.0321842 3.58716
-0.0454756 1.00002 -1.11265 0.035549 3.99078
-0.0518674 1.00002 -1.30172 0.0363356 4.43886
-0.0581329 1.00003 -1.50354 0.0344484 4.91903
-0.0640206 1.00003 -1.70988 0.0302348 5.41178
-0.0692926 1.00003 -1.90602 0.023823 5.88826
-0.073743 1.00003 -2.08227 0.0163953 6.3172
-0.0771976 1.00003 -2.22314 0.00945628 6.67156
-0.0795287 1.00003 -2.32243 0.00385655 6.92139
-0.0806705 1.00003 -2.36995 0.000664151 7.04994
-0.0806149 1.00003 -2.36795 0.000305472 7.0494
-0.0794109 1.00003 -2.31859 0.00258003 6.9264
-0.0771606 1.00002 -2.22772 0.00678058 6.69463
-0.0740141 1.00003 -2.1082 0.0119043 6.37517
-0.0701537 1.00002 -1.96819 0.0166478 6.00022
-0.0657807 1.00003 -1.82049 0.0202464 5.59566
-0.0611103 1.00002 -1.67288 0.0221499 5.18593
-0.0563554 1.00003 -1.53386 0.0221 4.79268
-0.0517146 1.00002 -1.40715 0.0201576 4.43238
-0.0473665 1.00002 -1.29741 0.016883 4.11466
-0.0434652 1.00002 -1.20369 0.0128197 3.84618
-0.0401376 1.00002 -1.12839 0.00874148 3.62819
-0.0374834 1.00002 -1.07131 0.00507939 3.46195
-0.0355687 1.00002 -1.03054 0.00225428 3.34735
-0.0344316 1.00002 -1.00712 0.000550799 3.28096
-0.0340833 1.00002 -0.999535 1.96021e-05 3.26106
-0.0345073 1.00002 -1.00893 0.000576816 3.2861
-0.0356618 1.00002 -1.03396 0.00201565 3.35492
-0.0374827 1.00002 -1.0755 0.00402423 3.4643
-0.039885 1.00002 -1.13238 0.0062983 3.61253
-0.0427635 1.00002 -1.20375 0.00847798 3.79666
-0.0459994 1.00002 -1.28908 0.0102182 4.01214
-0.0494617 1.00002 -1.38494 0.0112901 4.25389
-0.0530113 1.00002 -1.48857 0.0115429 4.5139
-0.0565064 1.00002 -1.59609 0.0109651 4.78222
-0.0598079 1.00002 -1.7028 0.00961166 5.04862
-0.0627866 1.00003 -1.8024 0.00761229 5.29985
-0.0653312 1.00003 -1.89073 0.00531279 5.52203
-0.0673488 1.00003 -1.9622 0.00312827 5.70457
-0.0687703 1.00003 -2.01356 0.00137197 5.83698
-0.0695544 1.00003 -2.0421 0.000300516 5.91149
-0.0696904 1.00003 -2.04659 2.18557e-05 5.92558
-0.0691979 1.00003 -2.02895 0.000520181 5.88023
-0.0681228 1.00003 -1.9906 0.00162732 5.78155
-0.0665356 1.00003 -1.93567 0.00309976 5.63664
-0.064528 1.00002 -1.86829 0.00461682 5.45642
-0.0622031 1.00002 -1.79319 0.00585352 5.2535
-0.0596718 1.00002 -1.71421 0.00661861 5.03935
-0.057049 1.00003 -1.63621 0.00684305 4.82425
-0.054447 1.00002 -1.56137 0.00648244 4.61841
-0.0519698 1.00002 -1.49331 0.00565964 4.42873
-0.0497118 1.00003 -1.43335 0.00450558 4.26134
-0.0477514 1.00002 -1.38265 0.00320872 4.1203
-0.0461518 1.00002 -1.34226 0.001974 4.00807
-0.0449592 1.00002 -1.31289 0.000968127 3.92613
-0.0442035 1.00002 -1.29437 0.000307195 3.87506
-0.0438981 1.00002 -1.28689 2.48058e-05 3.85427
-0.0440389 1.00002 -1.29073 0.000109718 3.86306
-0.0446023 1.00002 -1.30459 0.000529247 3.90065
-0.0455519 1.00002 -1.32919 0.00116419 3.96452
-0.0468408 1.00002 -1.36278 0.0018938 4.05259
-0.0484091 1.00002 -1.40508 0.00261788 4.16197
-0.0501869 1.00002 -1.45413 0.00321757 4.2892
-0.0520989 1.00002 -1.5089 0.00357727 4.42934
-0.0540669 1.00002 -1.56649 0.00367436 4.5775
-0.0560108 1.00002 -1.62533 0.00347747 4.72746
-0.0578543 1.00002 -1.68253 0.00303681 4.87394
-0.0595256 1.00002 -1.73569 0.00242142 5.0105
-0.0609615 1.00002 -1.78221 0.00172009 5.13019
-0.0621111 1.00002 -1.82019 0.00104208 5.22779
-0.0629354 1.00002 -1.8475 0.000493664 5.29966
-0.063411 1.00002 -1.86368 0.000129464 5.34217
-0.0635324 1.00002 -1.86776 7.93711e-06 5.35405
-0.0633082 1.00003 -1.86061 0.000129107 5.33554
-0.0627604 1.00002 -1.84279 0.000437095 5.28909
-0.0619231 1.00003 -1.81595 0.000860068 5.21818
-0.0608429 1.00002 -1.78152 0.00131412 5.12743
-0.0595746 1.00003 -1.74219 0.00171424 5.02204
-0.0581771 1.00002 -1.69943 0.0019731 4.90821
-0.0567119 1.00002 -1.65595 0.00208472 4.79074
-0.0552423 1.00001 -1.61305 0.00203234 4.67502
-0.0538278 1.00002 -1.57277 0.00182193 4.56561
-0.0525219 1.00001 -1.53605 0.00148268 4.46653
-0.0513713 1.00002 -1.5044 0.00109627 4.38063
-0.0504154 1.00001 -1.47829 0.000709948 4.31025
-0.0496843 1.00002 -1.45868 0.000378864 4.25678
-0.0491973 1.00002 -1.44569 0.000137899 4.22143
-0.0489637 1.00003 -1.43937 1.823e-05 4.20452
-0.0489836 1.00002 -1.43998 1.93019e-05 4.20554
