3 1 88.29 4.65485e-07 1.8109e-07
2.99862 0.999999 88.2898 0.0324418 7.54016e-07
2.99454 1 88.2895 0.101644 3.02963e-05
2.98776 0.999999 88.2893 0.186136 0.000436022
2.97828 1 88.2891 0.273595 0.00284883
2.96609 1 88.2888 0.355258 0.0119238
2.9512 1 88.2886 0.423364 0.0374013
2.9336 1 88.2883 0.469762 0.095322
2.9133 1 88.2881 0.485952 0.206719
2.8903 0.999996 88.2878 0.465022 0.392121
2.8646 0.999999 88.2875 0.405185 0.661673
2.83619 0.999996 88.2873 0.313474 1.00381
2.80508 1 88.287 0.206812 1.3795
2.77126 0.999997 88.2869 0.108078 1.72789
2.73474 1 88.2868 0.0376028 1.98585
2.69552 0.999999 88.2866 0.0045381 2.11079
2.6536 1 88.2865 0.00379875 2.09663
2.60897 1 88.2864 0.020645 1.97101
2.56164 1 88.2863 0.0392624 1.77965
2.5116 1 88.2863 0.0495084 1.56778
2.45886 1.00001 88.2862 0.0487425 1.36858
2.40342 1 88.2862 0.0396955 1.20045
2.34527 1.00001 88.2861 0.0271114 1.07002
2.28443 1 88.2861 0.0151903 0.976792
2.22087 1.00001 88.286 0.0064343 0.916979
2.15462 1 88.2857 0.00158785 0.885717
2.08566 1.00001 88.2851 0.000130087 0.878384
2.01399 1 88.2845 0.000897876 0.890529
1.93963 1.00001 88.2839 0.00261402 0.918022
1.86256 0.999998 88.2834 0.00423886 0.956771
1.78279 1 88.2828 0.00514398 1.00262
1.70032 0.999997 88.2822 0.00513308 1.05137
1.61514 1 88.2816 0.00435316 1.09896
1.52726 0.999996 88.2809 0.00314593 1.14172
1.43668 1.00001 88.2802 0.00189054 1.17673
1.3434 0.999995 88.2796 0.000880588 1.20212
1.24741 1 88.279 0.000260832 1.21722
1.14872 0.999997 88.2783 2.71388e-05 1.22237
1.04732 1 88.2776 7.20254e-05 1.21887
0.943228 0.999997 88.277 0.000248934 1.20868
0.836429 1 88.2763 0.000428647 1.19399
0.726927 0.999996 88.2756 0.000530613 1.17699
0.614722 1 88.275 0.000530237 1.15962
0.499815 0.999994 88.2743 0.000445839 1.14344
0.382205 1 88.2735 0.000317727 1.12958
0.261891 0.999994 88.2727 0.000187747 1.1187
0.138875 1 88.2719 8.57632e-05 1.11109
0.0142879 0.999999 78.7972 2.75397 1.60975
-0.0994698 1.00012 60.0604 7.07686 11.2304
-0.198543 1.00009 37.65 11.196 36.0158
-0.276213 1.00012 15.2835 12.0821 69.0958
-0.328058 1.00014 -1.83415 7.12088 105.297
-0.351055 1.00011 -9.98561 0.783283 131.18
-0.343505 1.00015 -7.33428 1.25015 123.896
-0.306609 1.00009 4.67645 4.67707 90.3374
-0.245831 1.00009 19.2259 6.51234 51.6443
-0.170369 1.00005 29.4581 6.87951 23.2097
-0.0893553 1.00002 33.491 6.50667 7.9832
-0.00888292 1 33.9185 5.36358 2.05563
0.0689789 1 33.9183 3.50697 0.450885
0.144138 1.00002 33.9108 1.99264 0.0973379
0.216593 1.00002 33.9108 1.00854 0.0278246
0.286345 1 33.9171 0.439029 0.0158248
0.353394 1 33.9166 0.145715 0.0162912
0.417739 1.00001 33.9131 0.0254247 0.0205422
0.479382 1.00001 33.9099 0.00910162 0.0262154
0.538321 1.00001 33.9117 0.0515055 0.0329341
0.594557 0.999996 33.9166 0.123134 0.0420083
0.648089 1 33.9161 0.204701 0.0565425
0.698919 1.00002 33.9076 0.28338 0.0815162
0.747045 1.00002 33.9097 0.350147 0.124014
0.792468 1 33.9151 0.398016 0.193289
0.835187 1 33.9145 0.421315 0.299722
0.875203 1.00001 33.9108 0.416082 0.452265
0.912517 1.00002 33.908 0.381288 0.654577
0.947127 1.00001 33.9106 0.320321 0.901233
0.979033 0.999996 33.9148 0.241829 1.17479
1.00824 1 33.914 0.158875 1.44639
1.03474 1.00002 33.9048 0.0859098 1.68043
1.05853 1.00002 33.9088 0.0342459 1.84375
1.07963 1.00001 33.9135 0.00811728 1.91595
1.09802 1.00001 33.9124 0.00369949 1.89587
1.1137 1.00002 33.9088 0.0118364 1.80089
1.12669 1.00002 33.9059 0.0227005 1.65907
1.13697 1.00002 33.9092 0.0295716 1.49955
1.14455 1.00001 33.9128 0.0300978 1.34537
1.14942 1.00001 33.9115 0.0253415 1.21102
1.15159 1.00003 33.902 0.0179338 1.10327
1.15106 1.00002 33.9077 0.0104852 1.0236
1.14782 1.00001 33.911 0.0047277 0.970424
1.14189 1.00001 33.9096 0.00132945 0.94079
1.13324 1.00002 33.9066 0.00011073 0.931319
1.1219 1.00002 33.9033 0.000408514 0.938543
1.10785 1.00002 33.9077 0.0014236 0.958931
1.0911 1.00001 33.9104 0.00247008 0.988972
1.07164 1.00002 33.9082 0.00311002 1.02511
1.04949 1.00003 33.8999 0.00318278 1.06381
1.02462 1.00002 33.906 0.00275637 1.10174
0.997059 1.00001 33.9079 0.00203436 1.13597
0.966791 1.00002 33.9067 0.00125459 1.1642
0.93382 1.00002 33.9046 0.000607998 1.18497
0.898146 1.00003 33.8999 0.000195403 1.19771
0.859768 1.00001 33.906 2.41816e-05 1.20268
0.818687 1.00001 33.9079 3.40421e-05 1.20078
0.774904 1.00002 33.9046 0.000136653 1.19349
0.728416 1.00003 33.8995 0.000250083 1.18248
0.679225 1.00002 33.903 0.000320813 1.16943
0.627331 1.00002 33.9047 0.000329301 1.15586
0.572734 1.00001 33.9058 0.000283715 1.14305
0.515434 1.00002 33.9024 0.000207427 1.13189
0.45543 1.00002 33.8964 0.000126529 1.123
0.392724 1.00001 33.9047 6.07617e-05 1.11665
0.327313 0.999998 33.9056 1.95953e-05 1.11286
0.2592 1.00002 33.9016 2.98182e-06 1.11143
0.188384 1.00001 33.8984 4.69135e-06 1.11202
0.114864 1.00002 33.8999 1.56686e-05 1.1142
0.0396067 1.00001 31.5552 0.509577 1.48086
-0.0324393 1.00008 25.3645 2.06189 3.831
-0.0985111 1.00006 18.7703 3.26649 9.92076
-0.156532 1.00007 11.1367 4.09631 20.0462
-0.203685 1.00008 3.3941 3.88307 33.2035
-0.237469 1.00009 -3.08764 2.37727 47.3237
-0.25584 1.00007 -6.94959 0.576694 57.9707
-0.257748 1.0001 -7.33097 0.0580796 59.5423
-0.243348 1.00007 -4.41 0.843948 51.6515
-0.214446 1.00007 0.474149 1.80246 38.2212
-0.174596 1.00006 5.41158 2.3641 24.5906
-0.128086 1.00004 9.02483 2.53819 13.9084
-0.078933 1.00002 10.9505 2.43444 6.94288
-0.0301758 1.00001 11.5833 2.13241 3.08342
0.0164222 1 11.6528 1.61075 1.27207
0.0603505 1.00001 11.6528 1.00435 0.543494
0.101575 1 11.6524 0.525873 0.262592
0.140097 1.00001 11.6518 0.222323 0.153536
0.175916 1.00001 11.6511 0.0644035 0.113109
0.209031 1.00001 11.65 0.00793895 0.104159
0.239443 1 11.6507 0.013987 0.114674
0.267152 1.00001 11.6516 0.0529371 0.142883
0.292157 0.999998 11.6517 0.103464 0.19193
0.31446 1.00001 11.6509 0.150522 0.267594
0.334059 1.00001 11.6488 0.183846 0.376257
0.350955 1.00002 11.6489 0.197319 0.522495
0.365147 1.00001 11.65 0.189022 0.706025
0.376636 1.00001 11.6501 0.161457 0.918968
0.385423 1.00001 11.6499 0.121216 1.14447
0.391505 1.00001 11.6495 0.0775213 1.35864
0.394885 1.00001 11.6486 0.0396379 1.53537
0.395561 1.00002 11.6473 0.013993 1.65328
0.393534 1.00001 11.6478 0.00234238 1.70202
0.388804 1.00001 11.649 0.00193946 1.68457
0.381371 1 11.6489 0.00751342 1.61497
0.371234 1.00001 11.648 0.0138331 1.5129
0.358394 1.00001 11.6466 0.0175206 1.39796
0.342851 1.00001 11.6466 0.0175356 1.2858
0.324605 1.00001 11.6466 0.0146027 1.18673
0.303655 1.00001 11.6466 0.0102387 1.10619
0.280002 1.00001 11.6472 0.00591866 1.04597
0.253646 1.00001 11.6472 0.00261781 1.0056
0.224587 1.00001 11.6462 0.000703995 0.983299
0.192824 1.00002 11.6442 5.70413e-05 0.976774
0.158359 1.00001 11.6446 0.000276824 0.983347
0.121189 1.00001 11.646 0.000888887 1.00016
0.0813171 1 11.6462 0.00149247 1.02432
0.0390608 1.00001 10.7405 0.248958 1.10206
-0.00215849 1.00002 8.96045 0.664245 1.83037
-0.0420987 1.00006 7.07635 0.997554 3.58649
-0.0798145 1.00004 4.7803 1.29122 6.68964
-0.113925 1.00005 2.18369 1.38335 10.9905
-0.143056 1.00006 -0.46535 1.1899 16.2267
-0.165789 1.00006 -2.87993 0.764937 21.7102
-0.180909 1.00006 -4.66051 0.297084 26.2383
-0.187546 1.00006 -5.4798 0.0265783 28.5471
-0.185432 1.00007 -5.23074 0.0499413 27.9334
-0.174945 1.00005 -4.01816 0.266151 24.8101
-0.157208 1.00005 -2.26553 0.529914 20.0596
-0.133934 1.00004 -0.425476 0.732563 14.9575
-0.107062 1.00004 1.13054 0.837528 10.3885
-0.0784839 1.00003 2.23219 0.845201 6.80413
-0.0498071 1.00002 2.89609 0.775367 4.26827
-0.0222641 1.00001 3.22075 0.657396 2.60604
0.00327306 1.00001 3.32638 0.517002 1.58288
0.0262779 1 3.33608 0.360815 0.990736
0.0465877 1 3.33573 0.207543 0.671281
0.0641943 1 3.33487 0.094771 0.505274
0.0790977 1.00001 3.33391 0.0299759 0.425879
0.0912978 1 3.33391 0.00478405 0.399848
0.100795 1 3.3346 0.00613821 0.411444
0.107588 0.999999 3.33473 0.0213366 0.45386
0.111679 1 3.33434 0.0400518 0.524316
0.113066 1 3.33356 0.0549956 0.620962
0.11175 1.00001 3.33261 0.0620421 0.740651
0.10773 1.00001 3.33264 0.0600722 0.87739
0.101008 1.00001 3.33326 0.0505311 1.02174
0.0915818 1 3.33341 0.0366158 1.16145
0.0794528 1 3.33309 0.0221435 1.28337
0.0646205 0.999998 3.33231 0.0103583 1.37615
0.0470849 1.00001 3.33151 0.00305381 1.43268
0.0273325 1 3.04926 0.0644608 1.52056
0.00670967 1.00001 2.60216 0.152146 1.82266
-0.0145404 1.00002 2.08548 0.222911 2.40976
-0.0359801 1.00003 1.43413 0.287672 3.34792
-0.0569872 1.00004 0.630631 0.34031 4.69318
-0.0768139 1.00004 -0.287903 0.359121 6.42946
-0.0946936 1.00004 -1.26393 0.328534 8.43886
-0.109886 1.00005 -2.21837 0.253516 10.5455
-0.121701 1.00004 -3.03954 0.154797 12.4986
-0.129591 1.00005 -3.62597 0.062398 13.9757
-0.133226 1.00004 -3.90683 0.00818416 14.7322
-0.132529 1.00004 -3.85348 0.00603069 14.6399
-0.127709 1.00004 -3.50607 0.0482457 13.7546
-0.119222 1.00004 -2.94922 0.112136 12.2842
-0.107735 1.00003 -2.2862 0.175985 10.4745
-0.0940662 1.00004 -1.62423 0.224108 8.58943
-0.0790687 1.00003 -1.03471 0.246604 6.84425
-0.0635481 1.00003 -0.553264 0.24392 5.34701
-0.0482294 1.00002 -0.189384 0.22134 4.13321
-0.0337169 1.00002 0.0705543 0.184698 3.19781
-0.020481 1.00001 0.248632 0.141535 2.50667
-0.00887132 1.00002 0.367265 0.0988762 2.01259
0.000864011 1 0.445184 0.0617311 1.67017
0.00855906 1.00001 0.495813 0.0329837 1.44251
0.0141161 0.999995 0.528207 0.0135088 1.30248
0.017494 1.00001 0.547227 0.00311714 1.23145
0.0186997 1 0.554168 0.000855973 1.21787
0.0177817 1.00001 0.547405 0.00541719 1.25608
0.0148255 1.00001 0.52358 0.0152727 1.34523
0.0099517 1.00002 0.477711 0.0288142 1.48849
0.00331826 1.00001 0.402904 0.044474 1.69284
-0.00487952 1.00003 0.290675 0.0609447 1.96932
-0.0143894 1.00002 0.131127 0.0775293 2.33346
-0.0249147 1.00003 -0.0817977 0.092002 2.80305
-0.0361099 1.00001 -0.352484 0.10285 3.39007
-0.0475872 1.00003 -0.680856 0.108365 4.09807
-0.0589179 1.00002 -1.06025 0.107024 4.92202
-0.0696519 1.00003 -1.47243 0.0978815 5.83658
-0.079343 1.00002 -1.88941 0.0809763 6.78397
-0.0875822 1.00004 -2.27856 0.0585248 7.69009
-0.0940185 1.00003 -2.6052 0.0349309 8.47536
-0.0983863 1.00004 -2.83633 0.0147464 9.05256
-0.100538 1.00003 -2.95225 0.00245886 9.35587
-0.100447 1.00004 -2.94804 0.000736373 9.36156
-0.0982082 1.00003 -2.83217 0.00910861 9.07768
-0.0940301 1.00004 -2.62754 0.0246515 8.54681
-0.0882163 1.00003 -2.36454 0.0427223 7.84229
-0.0811318 1.00003 -2.07355 0.0588135 7.04304
-0.0731785 1.00002 -1.78179 0.0697051 6.22006
-0.064766 1.00002 -1.51023 0.0737779 5.43219
-0.0562835 1.00001 -1.27079 0.0708671 4.72044
-0.0480818 1.00002 -1.06861 0.0624048 4.10595
-0.0404657 1.00001 -0.903859 0.05047 3.59535
-0.033687 1.00002 -0.773985 0.0371896 3.18675
-0.0279429 1.00001 -0.674672 0.0244214 2.87318
-0.0233776 1.00002 -0.601627 0.013685 2.64499
-0.0200872 1.00001 -0.551467 0.00587352 2.49235
-0.018124 1.00002 -0.522157 0.00137308 2.40704
-0.017499 1.00001 -0.512882 0.000107533 2.38342
-0.0181842 1.00001 -0.523725 0.00173282 2.4182
-0.0201151 1 -0.555556 0.0057064 2.50976
-0.0231926 1.00001 -0.609793 0.0113263 2.65758
-0.0272872 1.00001 -0.68814 0.0177829 2.86224
-0.0322379 1.00002 -0.792767 0.0243579 3.12517
-0.0378542 1.00002 -0.924091 0.030063 3.4472
-0.0439246 1.00002 -1.08031 0.0340963 3.82568
-0.0502157 1.00002 -1.25864 0.036039 4.25318
-0.0564841 1.00003 -1.45317 0.0352498 4.71808
-0.0624831 1.00003 -1.65543 0.0318938 5.2034
-0.0679728 1.00003 -1.85423 0.0262903 5.68456
-0.0727345 1.00002 -2.03724 0.0192697 6.13185
-0.0765817 1.00003 -2.19229 0.0120038 6.51558
-0.0793703 1.00002 -2.30838 0.00574635 6.80838
-0.0810078 1.00003 -2.37755 0.00153073 6.98783
-0.0814603 1.00002 -2.39677 1.93427e-05 7.04177
-0.0807522 1.00003 -2.36745 0.00128483 6.97058
-0.0789627 1.00003 -2.29497 0.00479918 6.78467
-0.0762202 1.00003 -2.18825 0.00963775 6.50371
-0.0726919 1.00003 -2.05804 0.0146465 6.15401
-0.068571 1.00003 -1.91478 0.0187901 5.76369
-0.0640648 1.00002 -1.76835 0.0213422 5.35869
-0.0593839 1.00002 -1.62687 0.0219824 4.96163
-0.0547309 1.00002 -1.49619 0.0207144 4.59058
-0.0502911 1.00002 -1.38 0.0179257 4.258
-0.0462281 1.00001 -1.2802 0.014194 3.97128
-0.0426798 1.00002 -1.19778 0.0101499 3.73423
-0.0397558 1.00001 -1.13293 0.00633818 3.54824
-0.0375359 1.00002 -1.08526 0.00322225 3.41285
-0.036071 1.00001 -1.05443 0.00110135 3.32646
-0.0353836 1.00002 -1.04006 0.000104047 3.28708
-0.0354691 1.00002 -1.04193 0.000206328 3.293
-0.0362971 1.00002 -1.05993 0.00125735 3.34249
-0.0378133 1.00002 -1.09376 0.00301109 3.43352
-0.0399421 1.00002 -1.14325 0.00513824 3.56378
-0.0425886 1.00002 -1.20787 0.00733427 3.7307
-0.0456398 1.00002 -1.28638 0.00927606 3.93101
-0.0489696 1.00002 -1.3768 0.0107042 4.15962
-0.0524419 1.00002 -1.47619 0.0113747 4.40948
-0.0559184 1.00002 -1.58089 0.0111436 4.67201
-0.0592617 1.00003 -1.68655 0.0100697 4.937
-0.0623404 1.00002 -1.78822 0.00833329 5.1923
-0.0650349 1.00003 -1.88044 0.00617398 5.42502
-0.067245 1.00003 -1.95823 0.00394328 5.62286
-0.0688926 1.00003 -2.01736 0.00199638 5.77504
