6 1 176.58 4.65485e-07 1.8109e-07
5.99862 1 176.58 0.0324418 7.54017e-07
5.99454 1 176.58 0.101644 3.02963e-05
5.98776 1 176.579 0.186136 0.000436022
5.97828 1 176.579 0.273596 0.00284883
5.96609 1 176.579 0.355258 0.0119238
5.9512 1 176.579 0.423364 0.0374013
5.9336 1 176.578 0.469762 0.095322
5.9133 1 176.578 0.485951 0.206719
5.8903 1 176.578 0.465022 0.392121
5.8646 1 176.578 0.405184 0.661672
5.83619 1 176.577 0.313474 1.00381
5.80508 1 176.577 0.206812 1.3795
5.77126 1 176.577 0.108078 1.72789
5.73474 1 176.577 0.0376029 1.98585
5.69552 1 176.577 0.0045381 2.11079
5.6536 1 176.576 0.00379875 2.09663
5.60897 1 176.576 0.020645 1.97101
5.56164 1 176.576 0.0392624 1.77965
5.5116 1 176.576 0.0495084 1.56778
5.45886 1 176.576 0.0487425 1.36858
5.40342 1 176.576 0.0396955 1.20045
5.34528 1 176.576 0.0271114 1.07002
5.28443 1 176.576 0.0151904 0.976792
5.22087 1 176.576 0.0064343 0.916979
5.15462 1 176.575 0.00158785 0.885717
5.08566 1 176.575 0.000130087 0.878384
5.014 1 176.574 0.000897876 0.890529
4.93963 1 176.574 0.00261402 0.918022
4.86256 1 176.573 0.00423887 0.956772
4.78279 1 176.573 0.00514398 1.00262
4.70032 1 176.572 0.00513309 1.05137
4.61514 1 176.571 0.00435317 1.09896
4.52726 1 176.571 0.00314593 1.14171
4.43668 1 176.57 0.00189054 1.17673
4.3434 1 176.57 0.000880588 1.20213
4.24741 1 176.569 0.000260832 1.21722
4.14872 1 176.568 2.71388e-05 1.22237
4.04732 1 176.567 7.20254e-05 1.21887
3.94323 1 176.567 0.000248933 1.20868
3.83643 1 176.566 0.000428647 1.19399
3.72693 1 176.565 0.000530612 1.17699
3.61472 1 176.565 0.000530237 1.15962
3.49982 1 176.564 0.000445839 1.14344
3.38221 1 176.563 0.000317727 1.12957
3.26189 1 176.562 0.000187747 1.1187
3.13888 1 176.562 8.57631e-05 1.11109
3.01316 1 176.561 2.49137e-05 1.10673
2.88474 1 176.56 3.14551e-06 1.10532
2.75361 1 176.559 9.00844e-06 1.10641
2.61978 1 176.56 2.75619e-05 1.10949
2.48325 1 176.561 4.58752e-05 1.11392
2.34401 1 176.562 5.63186e-05 1.11911
2.20207 1 176.563 5.64132e-05 1.1245
2.05743 1 176.565 4.79021e-05 1.12962
1.91008 1 176.566 3.4758e-05 1.13407
1.76003 1 176.567 2.12004e-05 1.13762
1.60727 1 176.568 1.03885e-05 1.14014
1.45181 1 176.57 3.76631e-06 1.14161
1.29364 1 176.571 1.08359e-06 1.14212
1.13277 1 176.572 1.30112e-06 1.14179
0.969201 1 176.574 3.32693e-06 1.14084
0.802923 1 176.575 5.64902e-06 1.13946
0.633941 1 176.577 6.85868e-06 1.13782
0.462255 1 176.578 6.94822e-06 1.13612
0.287865 1 176.58 6.13156e-06 1.13451
0.110771 1 176.581 4.80829e-06 1.1331
-0.061678 1.00296 140.871 10.1127 7.78614
-0.211756 1.01944 97.849 18.829 45.3598
-0.332068 1.03638 47.1978 25.2897 111.101
-0.412772 1.04491 7.22629 17.4223 186.379
-0.44846 1.0547 -11.7561 1.65452 243.632
-0.436341 1.07646 -5.59794 3.98682 223.224
-0.378191 1.08921 22.325 11.5885 144.021
-0.284406 1.05699 53.9139 12.8994 68.6309
-0.171368 0.998336 71.3602 12.4972 22.6442
-0.053678 0.963993 74.1437 11.2902 4.59761
0.0619604 0.96807 73.5388 7.83162 0.589876
0.174896 0.984591 73.4161 4.67758 0.0540728
0.285128 0.991056 74.3045 2.59665 0.0109356
0.392657 0.998472 74.469 1.33315 0.020268
0.497482 1.02162 73.457 0.597915 0.0569406
0.599604 1.04488 73.4903 0.202053 0.112031
0.699023 1.03808 74.0621 0.0308138 0.157468
0.795739 1.00171 74.4709 0.00559415 0.171821
0.889752 0.967384 73.6835 0.0653564 0.155811
0.981061 0.960411 73.0795 0.164482 0.123599
1.06967 0.984471 74.1349 0.272967 0.0901496
1.15557 1.02377 74.2354 0.374173 0.0655659
1.23877 1.04969 73.7267 0.46113 0.0536204
1.31927 1.0434 73.1214 0.531847 0.0553558
1.39706 1.01796 73.8726 0.585274 0.0738876
1.47215 0.99874 74.5234 0.61918 0.11685
1.54454 0.990122 73.6648 0.629608 0.196474
1.61422 0.979025 73.2958 0.611654 0.327099
1.6812 0.968073 73.8857 0.561649 0.519944
1.74548 0.981679 74.4521 0.480022 0.776713
1.80705 1.02734 74.0693 0.373723 1.08421
1.86592 1.06416 73.1831 0.256853 1.41206
1.92209 1.04252 73.8603 0.148145 1.71631
1.97555 0.98811 74.4607 0.0652383 1.94942
2.02631 0.961243 74.0597 0.0179289 2.07522
2.07437 0.97438 73.4298 0.00436228 2.08152
2.11972 0.993405 73.4584 0.0129642 1.98369
2.16237 0.994162 74.5792 0.0289192 1.81649
2.20232 0.999298 74.0787 0.0407911 1.61969
2.23957 1.0303 73.4179 0.0436199 1.42603
2.27411 1.0589 73.5089 0.0381162 1.25625
2.30594 1.03892 74.2356 0.0279221 1.11985
2.33508 0.986131 74.2196 0.0170045 1.01861
2.36151 0.956512 73.1798 0.00816092 0.950151
2.38524 0.972075 73.4024 0.00261871 0.910381
2.40626 1.01023 74.3242 0.000305159 0.894913
2.42459 1.03485 74.1068 0.000366543 0.899583
2.4402 1.03574 73.5865 0.00167853 0.920328
2.45312 1.02615 73.4866 0.00322147 0.953222
2.46333 1.01372 74.3697 0.00429535 0.994291
2.47084 0.997573 74.1717 0.00458816 1.03952
2.47564 0.981497 73.2908 0.00412936 1.08498
2.47775 0.975023 73.8409 0.00317235 1.12705
2.47715 0.985113 74.2814 0.0020529 1.16273
2.47384 1.0108 74.3134 0.00106593 1.18992
2.46783 1.03891 73.6108 0.000389576 1.2076
2.45912 1.04435 73.8717 6.56905e-05 1.21578
2.44771 1.01526 74.4733 2.75025e-05 1.21535
2.43359 0.978253 73.6821 0.000153595 1.20796
2.41677 0.970755 73.2861 0.000320608 1.19559
2.39725 0.99994 74.006 0.000440486 1.18032
2.37502 1.03392 74.2431 0.000473859 1.16405
2.35009 1.03543 74.0929 0.000424486 1.14837
2.32246 1.0134 73.9693 0.000322483 1.13449
2.29212 1.00368 74.1348 0.000205694 1.1232
2.25908 1.013 73.4313 0.000105086 1.1149
2.22334 1.0161 73.3144 3.78028e-05 1.10968
2.18489 1.00248 74.3463 6.59328e-06 1.10735
2.14374 0.996831 74.1464 4.06276e-06 1.10754
2.09989 1.01528 74.3149 1.76843e-05 1.10975
2.05333 1.03276 74.363 3.47708e-05 1.11349
2.00407 1.01677 74.1321 4.70116e-05 1.11814
1.95211 0.986193 73.465 5.04978e-05 1.12316
1.89744 0.984906 73.4618 4.55627e-05 1.12809
1.84008 1.01993 74.1629 3.51525e-05 1.13251
1.78 1.05086 73.9385 2.30193e-05 1.13617
1.71723 1.03915 73.9648 1.24378e-05 1.1389
1.65175 1.00291 74.4333 5.17212e-06 1.14065
1.58357 0.980808 73.9785 1.59836e-06 1.14145
1.51268 0.982994 73.4053 8.98765e-07 1.14142
1.43909 0.997358 73.5943 2.04277e-06 1.14074
1.3628 1.01286 74.1449 4.2475e-06 1.13958
1.2838 1.02625 74.1216 5.76564e-06 1.13812
1.20211 1.03294 73.4582 6.25724e-06 1.13654
1.1177 1.02667 74.1513 5.80993e-06 1.13499
1.0306 1.00987 74.3997 4.76466e-06 1.13359
0.940792 0.992001 73.7796 3.55459e-06 1.13243
0.84828 0.981748 73.3085 2.42455e-06 1.13156
0.753066 0.987033 73.7983 1.63752e-06 1.131
0.655148 1.0112 74.4293 1.17262e-06 1.13074
0.554527 1.0414 73.7663 9.28998e-07 1.13073
0.451203 1.04858 73.7138 7.9561e-07 1.13093
0.345175 1.02005 74.2706 6.92925e-07 1.13128
0.236445 0.983332 74.2732 7.00924e-07 1.13171
0.125181 0.972209 71.9838 0.314339 1.23437
0.0159188 0.994455 63.6378 2.0376 4.6098
-0.0856293 1.01877 50.7204 5.48646 13.0139
-0.17494 1.02319 37.4363 7.15147 26.9265
-0.249108 1.02585 19.4001 7.8146 51.4444
-0.302432 1.03956 2.09411 5.68208 84.7896
-0.330513 1.04662 -7.24796 1.47081 108.641
-0.331114 1.03487 -7.84283 0.218627 111.07
-0.304624 1.01561 0.655325 2.58488 88.2954
-0.255543 1.00264 12.3399 4.90513 55.9239
-0.191305 1.00435 21.4564 5.75711 29.4156
-0.119563 1.01584 26.3658 5.51407 12.8641
-0.0459843 1.01886 28.2173 4.5882 4.63975
0.026221 1.0057 28.8608 3.39578 1.37851
0.0958303 0.99142 28.8143 2.12044 0.378944
0.162736 0.991413 28.5793 1.14287 0.113568
0.226939 1.00117 28.521 0.529394 0.0443748
0.288439 1.00589 28.7309 0.194161 0.0266188
0.347235 1.00336 28.8779 0.0436418 0.0234959
0.403328 1.00448 28.5547 0.00687727 0.0264471
0.456718 1.0124 28.5156 0.0353126 0.0341415
0.507405 1.01596 28.7876 0.0969714 0.0478205
0.555388 1.00695 28.8338 0.170657 0.0710842
0.600668 0.993351 28.6718 0.241878 0.109883
0.643245 0.987973 28.462 0.300248 0.172425
0.683119 0.993564 28.7386 0.337973 0.268488
0.720289 1.00333 28.8927 0.349539 0.407272
0.754756 1.00995 28.6828 0.332496 0.593938
0.78652 1.01099 28.5703 0.28867 0.825607
0.815581 1.00853 28.6203 0.225002 1.08799
0.841938 1.00646 28.8744 0.153054 1.35509
0.865592 1.00604 28.6386 0.0864437 1.59309
0.886543 1.00393 28.4368 0.0367111 1.76876
0.90479 0.998453 28.6614 0.00939486 1.85968
0.920335 0.995583 28.7798 0.00254626 1.86114
0.933176 1.00236 28.7224 0.00866247 1.78659
0.943314 1.01473 28.5458 0.0187638 1.66122
0.950749 1.01814 28.6973 0.0261089 1.51289
0.95548 1.00651 28.8944 0.0278129 1.36488
0.957509 0.993316 28.6498 0.0243309 1.23272
0.956834 0.993078 28.5511 0.0178848 1.12447
0.953456 1.00173 28.6392 0.0109383 1.04266
0.947374 1.00435 28.8563 0.00527234 0.986469
0.93859 0.999403 28.7603 0.0017003 0.953446
0.927101 1.00031 28.4505 0.000201489 0.94047
0.91291 1.01092 28.6575 0.000237969 0.944284
0.896016 1.01657 28.8162 0.00108318 0.961479
0.876418 1.00643 28.7607 0.00207357 0.98866
0.854117 0.992422 28.5229 0.00275517 1.02238
0.829113 0.991222 28.5805 0.00292967 1.05921
0.801405 1.00132 28.8732 0.00262211 1.09591
0.770995 1.00829 28.7371 0.00200107 1.12955
0.737881 1.00682 28.5744 0.0012843 1.15782
0.702064 1.00506 28.6445 0.000659409 1.17917
0.663543 1.00788 28.7818 0.000236444 1.19288
0.622319 1.01001 28.7763 3.82465e-05 1.19909
0.578392 1.00656 28.4437 1.9588e-05 1.19853
0.531762 1.00097 28.5425 0.000102423 1.19252
0.482428 0.999256 28.7824 0.000208832 1.18263
0.430392 1.00266 28.7538 0.00028381 1.17045
0.375652 1.00818 28.6101 0.000303388 1.15751
0.318209 1.01162 28.5126 0.000270574 1.14505
0.259355 1.01637 26.9673 0.301373 1.66292
0.201095 1.02415 24.742 0.654288 3.38043
0.144305 1.02829 22.7677 0.862913 5.61736
0.0898601 1.03168 19.9748 1.09851 8.40943
0.0389074 1.03766 16.9299 1.00216 12.3655
-0.00798198 1.04351 15.0807 0.707981 15.6848
-0.0492067 1.04343 10.8154 0.62736 20.5329
-0.0832719 1.0348 9.59331 0.291846 24.0222
-0.110799 1.02469 10.4004 0.0972262 23.2043
-0.131506 1.01688 8.87423 0.112907 22.7694
-0.14549 0.996781 10.0244 0.274979 20.3878
-0.152129 0.959844 3.73233 0.750391 21.1796
-0.148669 0.946722 -0.221639 0.655244 26.3795
-0.135854 0.988716 0.547505 0.364036 24.7208
-0.116996 1.05766 2.21185 0.411009 18.8735
-0.0949981 1.07748 3.57021 0.735706 13.2971
-0.0713758 1.03777 2.88007 0.998704 9.19704
-0.0472131 1.01097 3.65637 1.01355 6.28119
-0.0235229 1.02976 5.48584 0.882365 4.04053
-0.00134218 1.05132 5.46124 0.735015 2.40706
0.0187923 1.02745 6.5239 0.473664 1.48727
0.0371383 0.987556 5.69474 0.229675 1.11056
0.0534444 0.982188 5.0846 0.104852 0.857839
0.0672319 1.01045 4.96013 0.0516549 0.666606
0.0783546 1.02668 4.56988 0.0142167 0.57544
0.0871793 1.00763 6.42131 0.00905988 0.600258
0.0939014 0.993359 5.15301 0.0357168 0.707945
0.0985019 1.02055 5.01896 0.0655127 0.84662
0.100901 1.06173 5.41268 0.0856964 1.00089
0.10105 1.05152 5.21909 0.0906307 1.19245
0.0989911 0.992279 6.18324 0.084986 1.41352
0.0946952 0.953564 4.08895 0.0611655 1.61205
0.0879975 0.974516 4.57516 0.0340198 1.75201
0.0788312 1.03525 5.15959 0.0146242 1.84158
0.0673623 1.0695 4.62422 0.00812096 1.91737
0.0539281 1.04114 5.50145 0.0111742 2.0403
0.0389165 1.00221 4.21541 0.0405003 2.23396
0.0229776 1.00276 5.06488 0.0898511 2.67974
0.00655877 1.0286 4.3645 0.120678 3.45583
-0.0101585 1.03309 3.74571 0.0948511 4.06742
-0.0272184 1.01133 4.14539 0.069294 4.45285
-0.0444355 1.00136 2.35061 0.064128 4.92072
-0.0608003 1.02054 1.58862 0.159258 5.82578
-0.0754524 1.04218 0.350076 0.196831 7.14079
-0.0881186 1.03061 -0.0397579 0.213849 8.38783
-0.0983057 0.995593 -0.280513 0.205492 9.70825
-0.105478 0.979282 -1.30359 0.135349 10.9531
-0.109704 1.00269 -0.993716 0.0443434 11.6184
-0.111247 1.04141 -1.69675 0.0134897 11.5554
-0.110161 1.04518 -1.59261 0.0283816 11.0383
-0.10634 1.01154 -1.33196 0.0509622 10.3809
-0.099951 0.990346 -1.55029 0.0743652 9.54691
-0.0915576 1.00558 -1.19213 0.104346 8.43489
-0.0817921 1.02839 -1.33638 0.130696 7.23975
-0.0711775 1.01822 -0.46503 0.132987 6.17134
-0.0600909 0.988265 0.0632672 0.117562 5.25803
-0.04908 0.986804 0.116359 0.111 4.40355
-0.0387057 1.02615 0.658548 0.105366 3.64634
-0.0293468 1.05534 0.427496 0.084659 3.04665
-0.0211565 1.02451 1.04088 0.052049 2.62079
-0.0142466 0.975363 0.884421 0.0287294 2.31856
-0.0088219 0.970992 0.768351 0.0174213 2.09277
-0.0050948 1.01088 0.888955 0.00946526 1.94015
-0.00314648 1.03936 0.507551 0.00425659 1.85664
-0.00292282 1.02103 1.04599 0.00274372 1.85288
-0.00427942 0.995379 0.7413 0.00705564 1.91182
-0.00718826 1.004 0.844383 0.0130313 2.02598
-0.0115658 1.02984 0.757121 0.0210392 2.19835
-0.017243 1.0262 0.47227 0.0314988 2.43781
-0.0239593 0.996355 0.366497 0.0455372 2.75158
-0.0314982 0.988744 0.268667 0.0488297 3.13201
-0.0397387 1.01743 0.0657798 0.0486538 3.56293
-0.048383 1.04375 -0.170553 0.0526998 4.06014
-0.0570546 1.03117 -0.443135 0.0586132 4.66876
-0.0652909 1.00018 -0.666358 0.0628403 5.36823
-0.0727857 0.985508 -1.03528 0.056215 6.09392
-0.0792592 0.990951 -1.59652 0.0410217 6.75706
-0.0845227 1.00237 -1.5668 0.024103 7.31362
