6 1 176.58 4.65485e-07 1.8109e-07
5.99862 1 176.58 0.0324419 7.54018e-07
5.99454 1 176.58 0.101644 3.02962e-05
5.98776 1 176.579 0.186136 0.000436022
5.97828 1 176.579 0.273595 0.00284883
5.96609 1 176.579 0.355258 0.0119238
5.9512 1 176.579 0.423365 0.0374013
5.9336 1 176.578 0.469762 0.095322
5.9133 1 176.578 0.485951 0.206719
5.8903 1 176.578 0.465022 0.392121
5.8646 1 176.578 0.405185 0.661672
5.83619 1 176.577 0.313474 1.00381
5.80508 1 176.577 0.206812 1.3795
5.77126 1 176.577 0.108078 1.72789
5.73474 1 176.577 0.0376028 1.98585
5.69552 1 176.577 0.0045381 2.11079
5.6536 1 176.576 0.00379875 2.09663
5.60897 1 176.576 0.020645 1.97101
5.56164 1 176.576 0.0392624 1.77965
5.5116 1 176.576 0.0495083 1.56777
5.45886 1 176.576 0.0487425 1.36858
5.40342 1 176.576 0.0396955 1.20045
5.34528 1 176.576 0.0271114 1.07002
5.28443 1 176.576 0.0151903 0.976792
5.22087 1 176.576 0.0064343 0.916979
5.15462 1 176.575 0.00158785 0.885716
5.08566 1 176.575 0.000130087 0.878384
5.014 1 176.574 0.000897876 0.890529
4.93963 1 176.574 0.00261402 0.918022
4.86256 1 176.573 0.00423887 0.956771
4.78279 1 176.573 0.00514398 1.00262
4.70032 1 176.572 0.00513308 1.05137
4.61514 1 176.571 0.00435316 1.09896
4.52726 1 176.571 0.00314593 1.14172
4.43668 1 176.57 0.00189054 1.17673
4.3434 1 176.57 0.000880588 1.20212
4.24741 1 176.569 0.000260832 1.21722
4.14872 1 176.568 2.71388e-05 1.22237
4.04732 1 176.567 7.20255e-05 1.21887
3.94323 1 176.567 0.000248934 1.20868
3.83643 1 176.566 0.000428647 1.19398
3.72693 1 176.565 0.000530613 1.17699
3.61472 1 176.565 0.000530238 1.15962
3.49982 1 176.564 0.000445839 1.14344
3.38221 1 176.563 0.000317728 1.12958
3.26189 1 176.562 0.000187747 1.1187
3.13888 1 176.562 8.57631e-05 1.11109
3.01316 1 176.561 2.49137e-05 1.10673
2.88474 1 176.56 3.14551e-06 1.10532
2.75361 1 176.559 9.00843e-06 1.10641
2.61978 1 176.56 2.75619e-05 1.10949
2.48325 1 176.561 4.58752e-05 1.11392
2.34401 1 176.562 5.63186e-05 1.11912
2.20207 1 176.563 5.64132e-05 1.1245
2.05743 1 176.565 4.79021e-05 1.12962
1.91008 1 176.566 3.4758e-05 1.13407
1.76003 1 176.567 2.12004e-05 1.13762
1.60727 1 176.568 1.03885e-05 1.14014
1.45181 1 176.57 3.76631e-06 1.14162
1.29364 1 176.571 1.08359e-06 1.14212
1.13277 1 176.572 1.30112e-06 1.14179
0.969201 1 176.574 3.32693e-06 1.14084
0.802923 1 176.575 5.64902e-06 1.13946
0.633941 1 176.577 6.85868e-06 1.13782
0.462255 1 176.578 6.94822e-06 1.13612
0.287865 1 176.58 6.13156e-06 1.13451
0.110771 1 176.581 4.80829e-06 1.1331
-0.0616762 1.002 140.827 10.1281 7.79344
-0.211639 1.00356 97.3812 19.067 45.6581
-0.331506 1.007 46.2235 25.6767 111.998
-0.411283 1.00794 6.25749 17.6849 187.992
-0.445461 1.00842 -12.1217 1.6368 246.14
-0.431141 1.00656 -4.57917 4.17123 224.593
-0.370447 1.00568 24.5906 12.2455 141.987
-0.27483 1.00372 54.7806 14.0604 64.9897
-0.161209 1.0015 70.3522 13.4954 20.2377
-0.0437616 1.00106 73.0023 11.751 3.73982
0.0714742 0.999462 73.0164 7.92234 0.416609
0.184007 1.0004 73.0178 4.68881 0.0319885
0.293836 1.00079 73.0095 2.5972 0.0101213
0.400962 1.0003 72.9865 1.32974 0.0290386
0.505385 1.003 72.922 0.588168 0.0858361
0.607104 1.00324 72.8128 0.189641 0.161428
0.70612 1.00374 72.7331 0.0234501 0.216254
0.802434 1.00456 72.7626 0.00938227 0.226499
0.896043 1.00178 72.8721 0.0822468 0.196957
0.98695 1.00239 72.9646 0.192296 0.148561
1.07515 1.00128 73.003 0.307206 0.10171
1.16065 0.998877 73.008 0.410494 0.0679671
1.24345 1.00118 73.0106 0.496633 0.0500681
1.32354 1.00036 73.0103 0.565261 0.0472037
1.40093 1.00064 72.9835 0.616784 0.0604169
1.47562 1.00344 72.9108 0.649917 0.0959622
1.54761 1.00212 72.8155 0.660942 0.165959
1.61689 1.00425 72.7563 0.644552 0.286008
1.68346 1.0046 72.7766 0.596077 0.469878
1.74734 1.00148 72.857 0.514606 0.722488
1.80851 1.00304 72.9421 0.405899 1.0334
1.86698 1.00124 72.9928 0.283602 1.3734
1.92274 0.999653 73.0054 0.167134 1.69718
1.9758 1.00144 73.0024 0.0758936 1.95328
2.02616 0.999847 73.0005 0.0217934 2.10028
2.07381 1.00141 72.9797 0.0044034 2.12131
2.11876 1.00311 72.9218 0.0122182 2.02953
2.16101 1.00173 72.8322 0.0293329 1.86047
2.20056 1.00439 72.7681 0.0428762 1.65654
2.2374 1.00417 72.7697 0.0468557 1.45353
2.27154 1.00249 72.8395 0.0416166 1.27442
2.30297 1.0029 72.922 0.0309456 1.12993
2.3317 1.00076 72.9791 0.0191692 1.02224
2.35773 1.00065 73.0032 0.00942899 0.948894
2.38106 1.00067 73.0088 0.00317585 0.905588
2.40168 0.999497 73.0004 0.000426358 0.887673
2.4196 1.00149 72.9854 0.000314553 0.890828
2.43481 1.0021 72.9401 0.00164574 0.910854
2.44733 1.00262 72.8472 0.00331 0.94374
2.45714 1.00416 72.7472 0.0045246 0.985444
2.46424 1.00364 72.735 0.00491915 1.03186
2.46865 1.00385 72.825 0.00449519 1.07895
2.47035 1.00203 72.93 0.00350677 1.12291
2.46934 1.00044 72.9825 0.00231038 1.16056
2.46563 1.00103 72.9997 0.00122984 1.18963
2.45922 0.999622 73.0057 0.000469779 1.20889
2.45011 1.00015 73.0057 8.84677e-05 1.21829
2.43829 1.00105 72.9892 2.34735e-05 1.21863
2.42377 1.00117 72.9407 0.000147676 1.21156
2.40655 1.004 72.8465 0.000327181 1.19915
2.38663 1.00357 72.7448 0.000462919 1.18352
2.364 1.00336 72.7277 0.000507821 1.16669
2.33866 1.0045 72.8146 0.0004622 1.15034
2.31063 1.0013 72.9223 0.000356548 1.13576
2.27989 1.00113 72.9848 0.000231415 1.1238
2.24644 1.00082 72.9997 0.000121082 1.11493
2.2103 0.999038 72.9968 4.54277e-05 1.10924
2.17145 1.00139 73 8.63998e-06 1.10657
2.1299 1.00062 72.9891 3.59758e-06 1.10654
2.08564 1.00096 72.9356 1.71148e-05 1.10866
2.03868 1.00464 72.8381 3.55312e-05 1.1124
1.98902 1.00305 72.7558 4.9372e-05 1.11715
1.93666 1.00366 72.7494 5.40302e-05 1.12233
1.88159 1.00403 72.819 4.948e-05 1.12745
1.82381 1.00113 72.9028 3.87067e-05 1.1321
1.76334 1.00228 72.9672 2.57483e-05 1.13597
1.70016 1.00057 72.9933 1.41438e-05 1.13889
1.63428 0.999359 72.9949 6.01059e-06 1.14079
1.5657 1.00203 72.9877 1.84818e-06 1.1417
1.49441 1.00066 72.9738 8.70326e-07 1.14175
1.42042 1.00159 72.9293 1.99978e-06 1.14109
1.34372 1.00389 72.8521 4.34219e-06 1.13993
1.26432 1.00284 72.7797 6.02461e-06 1.13844
1.18222 1.00423 72.7645 6.62442e-06 1.13681
1.09742 1.00315 72.8136 6.2196e-06 1.13519
1.00991 1.00168 72.8894 5.16634e-06 1.13373
0.919699 1.00269 72.9451 3.84178e-06 1.1325
0.826786 1.00056 72.9777 2.6171e-06 1.13157
0.731168 1.00031 72.99 1.71838e-06 1.13096
0.632848 1.00128 72.9882 1.19399e-06 1.13065
0.531824 1.00091 72.9659 9.25387e-07 1.13062
0.428097 1.00248 72.9226 7.98493e-07 1.13081
0.321667 1.00257 72.8578 7.0328e-07 1.13116
0.212533 1.00319 72.7936 7.186e-07 1.13161
0.100697 1.00425 72.7754 8.97589e-07 1.1321
-0.00877606 1.00438 60.7773 2.94129 4.09692
-0.109392 1.00333 46.996 5.91524 15.2395
-0.196401 1.00254 29.8786 8.78151 33.9369
-0.264994 1.00324 12.3333 9.06761 60.4253
-0.311033 1.00324 -2.06129 5.14509 90.6123
-0.331727 1.00452 -9.32135 0.589461 111.477
-0.32559 1.00543 -7.25937 0.924382 106.016
-0.293643 1.00381 2.39635 3.53259 78.848
-0.240601 1.00218 14.0557 4.98865 47.6815
-0.173988 1.0016 22.6005 5.30018 23.8426
-0.101427 1.00052 26.6274 5.04472 9.84222
-0.0284179 1.00059 27.7082 4.22429 3.36047
0.0425615 1.00057 27.8132 2.99113 0.9933
0.110868 1 27.8103 1.79266 0.292368
0.176471 1.00115 27.8055 0.934464 0.0986278
0.239371 1.00128 27.798 0.413051 0.045039
0.299568 1.00068 27.7871 0.138438 0.0304651
0.357062 1.00176 27.7789 0.0248024 0.0288136
0.411852 1.00155 27.7763 0.00899043 0.0334475
0.463939 1.00121 27.7784 0.0481122 0.0434755
0.513323 1.00168 27.7821 0.113593 0.0610161
0.560003 1.0008 27.7873 0.186347 0.0903892
0.603981 1.00126 27.7901 0.253216 0.138149
0.645255 1.00169 27.7898 0.304633 0.212953
0.683826 1.00055 27.7874 0.333589 0.324149
0.719693 1.00137 27.787 0.335679 0.479262
0.752858 1.00168 27.7859 0.309973 0.68043
0.783319 1.00078 27.788 0.260068 0.920754
0.811077 1.00125 27.7928 0.194473 1.18199
0.836131 1.00083 27.7989 0.125404 1.43581
0.858483 1.00056 27.8018 0.0656896 1.64912
0.878131 1.00108 27.8047 0.0247162 1.79287
0.895076 1.0002 27.8049 0.0053332 1.85111
0.909318 1.00048 27.8033 0.00356912 1.8257
0.920856 1.00139 27.7976 0.0113721 1.73417
0.929691 1.00083 27.7901 0.0205954 1.60242
0.935823 1.00123 27.7771 0.0259553 1.45634
0.939252 1.00188 27.7636 0.0258392 1.31607
0.939977 1.00172 27.7544 0.0213744 1.19423
0.937999 1.00192 27.7563 0.0148668 1.09676
0.933318 1.00151 27.7652 0.00851003 1.02497
0.925934 1.00107 27.7802 0.0037116 0.977509
0.915847 1.00126 27.7935 0.000970136 0.951725
0.903056 1.00064 27.8022 7.6509e-05 0.944601
0.887562 1.00001 27.8048 0.000431178 0.952846
0.869365 1.0004 27.8072 0.00133998 0.973129
0.848464 1.00046 27.807 0.00222397 1.00211
0.82486 1.00012 27.8057 0.00272752 1.0364
0.798553 1.00048 27.8017 0.00273587 1.07266
0.769543 1.00091 27.7962 0.00232634 1.1078
0.73783 1.00114 27.7848 0.00168404 1.13915
0.703413 1.0016 27.7717 0.00101404 1.16467
0.666293 1.00146 27.7604 0.00047425 1.18312
0.62647 1.00161 27.7551 0.000142042 1.19409
0.583943 1.0022 27.7546 1.53799e-05 1.19792
0.538714 1.00135 27.7612 3.73093e-05 1.19551
0.490781 1.00108 27.7709 0.000130571 1.18827
0.440145 1.00161 27.7814 0.000226442 1.17775
0.386805 1.00074 27.7896 0.000281955 1.1655
0.330763 1.0006 27.797 0.000283317 1.15292
0.272017 1.00066 27.8002 0.00023967 1.14113
0.211497 1.00155 26.4245 0.223234 1.4605
0.151139 1.00229 24.7521 0.487219 2.77983
0.0915526 1.00297 23.2516 0.645123 4.40789
0.0335461 1.00686 20.4014 0.914989 6.75265
-0.0214763 1.00803 17.0892 1.10429 10.4408
-0.0720199 1.00961 14.5854 0.999689 14.8807
-0.117152 1.00525 12.6073 0.772434 19.027
-0.155497 1.00061 10.4428 0.589388 22.7918
-0.185269 1.00226 5.08738 1.18216 27.7108
-0.203045 1.00076 -2.45455 1.38958 37.82
-0.207211 1.00294 -5.49678 0.672798 43.0119
-0.19905 1.00262 -4.01001 0.241647 39.5047
-0.180975 1.0023 -1.54043 0.834268 31.5181
-0.155537 1.00475 1.19044 1.63888 22.0435
-0.125167 1.00091 3.61263 1.92761 13.8812
-0.0920425 1.00038 5.06293 1.76234 8.41636
-0.0578904 1.00193 5.75517 1.35901 5.28678
-0.0237755 0.999493 6.16657 0.875502 3.52013
0.0096164 1.00128 6.49198 0.511563 2.36574
0.0415019 1.00156 6.69048 0.303153 1.54901
0.0712896 1.00135 6.75967 0.175087 1.02689
0.0986279 1.00346 6.74846 0.0969501 0.717204
0.123321 1.00094 6.75233 0.0492399 0.551636
0.145312 1.00137 6.80592 0.0246082 0.478678
0.1646 1.00203 6.83792 0.0207817 0.463379
0.181184 0.999687 6.8224 0.0299619 0.489139
0.195066 1.00101 6.81196 0.0436692 0.548343
0.206244 1.00067 6.83427 0.0551322 0.636582
0.214719 1.0007 6.83353 0.0601954 0.749382
0.220491 1.00254 6.79478 0.0574749 0.880105
0.223559 1.0006 6.76328 0.0480564 1.0191
0.223924 1.00196 6.79084 0.0347546 1.15421
0.221586 1.00237 6.81364 0.0210356 1.27257
0.216545 1.00029 6.80244 0.00987941 1.36308
0.2088 1.00164 6.79355 0.00294142 1.41883
0.19848 1.00091 6.77991 0.00519773 1.4546
0.185872 1.00106 6.72174 0.0130295 1.51478
0.171183 1.00239 6.59681 0.0186853 1.61663
0.154514 1.0009 6.44849 0.0245872 1.76245
0.136053 1.00348 6.27346 0.0304598 1.96642
0.116092 1.00461 5.94734 0.0605177 2.25108
0.095137 1.00356 5.51333 0.0859082 2.74977
0.0735139 1.0057 5.09491 0.100648 3.40976
0.0515017 1.00473 4.74716 0.100802 4.16582
0.0293877 1.00474 4.48709 0.0898719 4.87695
0.00744221 1.00447 4.34747 0.0601527 5.3894
-0.0143778 1.00131 4.23045 0.0292398 5.71439
-0.0360526 1.0033 4.1204 0.0301313 5.85448
-0.0571418 1.00258 3.70767 0.0804345 6.05648
-0.0767926 1.00025 2.61834 0.214669 6.76634
-0.0938388 1.00217 0.651447 0.420082 8.58045
-0.10712 1.0007 -1.59601 0.52314 11.6754
-0.115968 1.00081 -2.92892 0.395457 14.1215
-0.120521 1.00242 -3.32342 0.172735 15.1395
-0.121203 1.00027 -3.25368 0.0491428 15.0234
-0.118542 1.00269 -2.90926 0.0984889 13.872
-0.113001 1.00272 -2.40012 0.222667 12.1323
-0.10496 0.999871 -1.91699 0.309765 10.2685
-0.0948405 1.00203 -1.53669 0.319834 8.63264
-0.0830793 1.00077 -1.21955 0.270208 7.33047
-0.0701472 1.00011 -0.90552 0.206192 6.25704
-0.0566645 1.00172 -0.59125 0.15855 5.23863
-0.0432811 0.99973 -0.305992 0.129583 4.2864
-0.0305904 1.00151 -0.0603011 0.115234 3.44388
-0.019109 1.00191 0.142856 0.101325 2.75102
-0.00918659 0.999523 0.275404 0.0806751 2.23277
-0.00107107 1.00172 0.349242 0.0582729 1.86089
0.00509755 1.0007 0.402933 0.0360312 1.61329
0.00924595 0.999759 0.450056 0.0196302 1.46692
0.0113382 1.00107 0.457772 0.0103858 1.39965
0.0114149 0.999298 0.430106 0.00824848 1.40384
0.00954074 1.00075 0.397532 0.0127955 1.47015
0.00582933 1.00108 0.35952 0.0230274 1.60076
0.000433091 0.999426 0.27516 0.0364286 1.7975
-0.00647405 1.00172 0.148563 0.0506626 2.06051
-0.0146777 1.00116 -0.000209786 0.065263 2.40376
-0.0239194 1.00066 -0.163656 0.0754954 2.8237
-0.0339366 1.00162 -0.38312 0.0830436 3.32984
