6 1 176.58 4.65485e-07 1.8109e-07
5.99862 0.999999 176.58 0.0324418 7.54017e-07
5.99454 1 176.58 0.101644 3.02963e-05
5.98776 0.999999 176.579 0.186136 0.000436022
5.97828 1 176.579 0.273595 0.00284883
5.96609 1 176.579 0.355258 0.0119238
5.9512 1 176.579 0.423365 0.0374013
5.9336 1 176.578 0.469762 0.095322
5.9133 1 176.578 0.485952 0.206719
5.8903 0.999996 176.578 0.465022 0.392122
5.8646 0.999999 176.578 0.405184 0.661672
5.83619 0.999996 176.577 0.313474 1.00381
5.80508 1 176.577 0.206812 1.3795
5.77126 0.999997 176.577 0.108078 1.72789
5.73474 1 176.577 0.0376029 1.98585
5.69552 0.999999 176.577 0.0045381 2.11079
5.6536 1 176.577 0.00379875 2.09663
5.60897 1 176.576 0.020645 1.97101
5.56164 1 176.576 0.0392624 1.77965
5.5116 1 176.576 0.0495084 1.56778
5.45886 1.00001 176.576 0.0487425 1.36858
5.40342 1 176.576 0.0396955 1.20045
5.34528 1.00001 176.576 0.0271114 1.07002
5.28443 1 176.576 0.0151903 0.976792
5.22087 1.00001 176.576 0.0064343 0.916979
5.15462 1 176.576 0.00158785 0.885716
5.08566 1.00001 176.575 0.000130087 0.878385
5.014 1 176.575 0.000897875 0.89053
4.93963 1.00001 176.574 0.00261402 0.918022
4.86256 0.999998 176.573 0.00423886 0.956771
4.78279 1 176.573 0.00514398 1.00262
4.70032 0.999997 176.572 0.00513308 1.05137
4.61514 1 176.572 0.00435317 1.09896
4.52726 0.999996 176.571 0.00314593 1.14171
4.43668 1.00001 176.57 0.00189054 1.17673
4.3434 0.999995 176.57 0.000880588 1.20212
4.24741 1 176.569 0.000260832 1.21722
4.14872 0.999997 176.568 2.71388e-05 1.22237
4.04732 1 176.568 7.20255e-05 1.21887
3.94323 0.999997 176.567 0.000248933 1.20868
3.83643 1 176.566 0.000428647 1.19399
3.72693 0.999996 176.566 0.000530613 1.17699
3.61472 1 176.565 0.000530237 1.15962
3.49982 0.999994 176.564 0.000445839 1.14344
3.38221 1 176.564 0.000317728 1.12958
3.26189 0.999994 176.563 0.000187747 1.1187
3.13888 1 176.562 8.57632e-05 1.11109
3.01316 0.999997 176.561 2.49137e-05 1.10673
2.88474 1 176.561 3.14551e-06 1.10532
2.75361 0.999997 176.56 9.00844e-06 1.10641
2.61978 1.00001 176.561 2.75619e-05 1.10949
2.48325 0.999996 176.562 4.58752e-05 1.11392
2.34401 1 176.563 5.63185e-05 1.11912
2.20207 0.999993 176.564 5.64132e-05 1.1245
2.05743 0.999999 176.565 4.79021e-05 1.12962
1.91008 0.999991 176.566 3.4758e-05 1.13407
1.76003 0.999998 176.568 2.12004e-05 1.13762
1.60727 0.999992 176.569 1.03885e-05 1.14014
1.45181 1 176.57 3.76631e-06 1.14161
1.29364 0.999996 176.571 1.08359e-06 1.14212
1.13277 1 176.573 1.30112e-06 1.14179
0.969201 0.999997 176.574 3.32692e-06 1.14084
0.802923 1 176.575 5.64902e-06 1.13946
0.633941 0.999995 176.577 6.85868e-06 1.13782
0.462255 0.999999 176.578 6.94822e-06 1.13612
0.287865 0.999994 176.58 6.13156e-06 1.13451
0.110771 0.999996 176.581 4.80829e-06 1.1331
-0.0616707 1.00002 140.76 10.1543 7.80838
-0.21135 1.00018 94.8749 19.8689 47.3642
-0.329349 1.00016 43.133 26.7799 113.394
-0.406545 1.00018 4.70976 17.2407 188.224
-0.438219 1.00013 -12.5328 1.24154 245.032
-0.421851 1.0002 -3.56409 4.88055 217.231
-0.359538 1.00014 26.0907 12.1557 135.542
-0.262925 1.0001 55.6942 13.8484 60.3207
-0.149386 1.00004 69.7754 13.5636 18.0675
-0.0328699 1.00001 71.6858 11.7153 3.2541
0.0812713 1.00001 71.6852 7.80585 0.368121
0.192709 1.00003 71.665 4.60955 0.0320128
0.301444 1.00002 71.6804 2.54877 0.0145342
0.407476 1.00001 71.6828 1.29759 0.0431016
0.510804 1.00002 71.6798 0.564914 0.113523
0.611429 1.00003 71.6685 0.17452 0.197959
0.709351 1.00002 71.6798 0.0178455 0.252597
0.80457 1 71.6844 0.0135381 0.255349
0.897085 1.00003 71.6729 0.0943296 0.215748
0.986897 1.00003 71.6719 0.209221 0.15872
1.07401 1.00002 71.679 0.325983 0.106165
1.15841 1.00001 71.6811 0.42898 0.0693439
1.24011 1.00002 71.6741 0.513621 0.0500805
1.31911 1.00003 71.667 0.58025 0.0467471
1.39541 1 71.6825 0.629646 0.0600091
1.469 1.00001 71.6792 0.660603 0.0961606
1.53989 1.00003 71.6679 0.66934 0.167608
1.60808 1.00002 71.6725 0.650438 0.290243
1.67356 1.00001 71.6794 0.59922 0.477886
1.73634 1.00001 71.6792 0.514948 0.735049
1.79642 1.00004 71.6607 0.403766 1.05038
1.85379 1.00002 71.6773 0.279822 1.39338
1.90846 1.00001 71.6796 0.162929 1.71751
1.96043 1.00002 71.671 0.0725138 1.97074
2.00969 1.00003 71.6677 0.0200466 2.11208
2.05625 1.00002 71.6741 0.00436375 2.12612
2.10011 1 71.6794 0.0133224 2.02782
2.14126 1.00002 71.6679 0.0307776 1.85398
2.17971 1.00003 71.6667 0.0440229 1.64745
2.21546 1.00001 71.6768 0.0474212 1.44375
2.2485 1.00002 71.6756 0.041636 1.26522
2.27884 1.00003 71.6667 0.030623 1.12203
2.30648 1.00003 71.6661 0.0187347 1.01588
2.33142 1.00001 71.6773 0.0090545 0.944117
2.35365 1.00002 71.6752 0.00294862 0.902288
2.37318 1.00003 71.6605 0.000359422 0.885722
2.39 1.00002 71.6716 0.000372685 0.89007
2.40412 1.00001 71.6765 0.00177261 0.911123
2.41554 1.00002 71.6692 0.00344998 0.944858
2.42426 1.00003 71.6634 0.00463656 0.987222
2.43027 1.00002 71.6712 0.00498246 1.03409
2.43358 1.00001 71.6766 0.00450879 1.08139
2.43418 1.00003 71.666 0.00348359 1.12534
2.43208 1.00003 71.6621 0.00226957 1.16279
2.42728 1.00001 71.6744 0.00118952 1.19148
2.41978 1.00002 71.6715 0.000442035 1.21027
2.40957 1.00003 71.6654 7.76618e-05 1.21915
2.39666 1.00003 71.6604 2.73913e-05 1.21898
2.38104 1 71.6748 0.000160386 1.21148
2.36273 1.00001 71.6728 0.000341999 1.19872
2.34171 1.00003 71.6545 0.00047482 1.18285
2.31798 1.00001 71.6693 0.000514335 1.16588
2.29155 1.00001 71.6713 0.000463308 1.1495
2.26242 1.00002 71.669 0.000353838 1.13496
2.23059 1.00004 71.6558 0.00022703 1.1231
2.19605 1.00002 71.6699 0.000116915 1.11436
2.15881 1.00001 71.673 4.26486e-05 1.10883
2.11887 1.00003 71.6594 7.61462e-06 1.10631
2.07622 1.00003 71.6625 4.06887e-06 1.10642
2.03087 1.00002 71.6668 1.84734e-05 1.10868
1.98282 1.00001 71.6705 3.70556e-05 1.11253
1.93206 1.00002 71.6612 5.06058e-05 1.11735
1.8786 1.00003 71.6581 5.47036e-05 1.12258
1.82244 1 71.671 4.96234e-05 1.12772
1.76357 1.00002 71.6657 3.84402e-05 1.13235
1.702 1.00003 71.66 2.52817e-05 1.1362
1.63773 1.00004 71.6587 1.36872e-05 1.13908
1.57075 1.00001 71.6692 5.7101e-06 1.14092
1.50107 1.00002 71.6674 1.71582e-06 1.14179
1.42869 1.00004 71.6499 9.02e-07 1.14179
1.35361 1.00002 71.6657 2.12164e-06 1.14109
1.27582 1.00001 71.6673 4.53988e-06 1.13989
1.19533 1.00002 71.6618 6.17583e-06 1.13838
1.11213 1.00003 71.6533 6.70685e-06 1.13673
1.02623 1.00002 71.6646 6.22786e-06 1.13511
0.937629 1 71.6682 5.13895e-06 1.13364
0.846324 1.00003 71.6554 3.80631e-06 1.13243
0.752315 1.00003 71.656 2.59842e-06 1.13151
0.655604 1.00002 71.6656 1.71056e-06 1.13091
0.556189 1.00002 71.6644 1.17914e-06 1.13063
0.45407 1.00004 71.6542 9.13084e-07 1.13061
0.349249 1.00003 71.6552 7.82535e-07 1.13082
0.241724 1.00001 71.6662 6.90174e-07 1.13117
0.131536 1.00001 70.8101 0.182991 1.14919
0.0225345 1.00008 62.8952 1.90568 3.95739
-0.0792372 1.00011 49.6921 5.18253 11.7361
-0.168584 1.00009 34.4599 7.74005 26.4854
-0.241597 1.00009 16.9667 8.7934 50.7642
-0.29358 1.00014 0.979917 6.26335 80.6812
-0.320748 1.00011 -8.32474 1.49014 105.429
-0.321359 1.00014 -8.21276 0.372562 106.498
-0.295912 1.0001 -0.287059 2.89026 83.7626
-0.248337 1.0001 10.6753 4.73321 53.547
-0.185626 1.00006 19.7284 5.28816 28.5541
-0.115386 1.00003 24.7183 5.16466 12.5746
-0.0436585 1.00001 26.3027 4.56274 4.47787
0.0263345 1.00001 26.4958 3.40807 1.32103
0.0936833 1 26.4971 2.11924 0.368786
0.158329 1.00001 26.4966 1.14081 0.113344
0.220271 1.00001 26.4936 0.527895 0.0460552
0.27951 1.00002 26.4931 0.193726 0.0276441
0.336046 1 26.4959 0.0433886 0.0251262
0.389879 1.00001 26.4962 0.0066155 0.0286843
0.441008 1.00001 26.4942 0.035273 0.036346
0.489434 1.00002 26.4935 0.0968353 0.0506022
0.535157 1.00001 26.4949 0.170266 0.0746271
0.578177 1.00002 26.4937 0.241305 0.113938
0.618493 1.00002 26.4924 0.299387 0.177166
0.656106 1.00001 26.4949 0.336816 0.273754
0.691016 1.00001 26.4952 0.348311 0.412317
0.723222 1.00002 26.4928 0.331479 0.597839
0.752726 1.00002 26.4905 0.288156 0.827257
0.779526 1.00001 26.4933 0.22522 1.08634
0.803623 1 26.4942 0.153992 1.34983
0.825016 1.00001 26.4933 0.0877867 1.58493
0.843707 1.00001 26.4914 0.0379801 1.75925
0.859694 1.00002 26.4905 0.0101619 1.85073
0.872978 1.00002 26.4914 0.00261487 1.85442
0.883559 1.00002 26.492 0.00812952 1.7829
0.891436 1.00001 26.4909 0.0179142 1.66056
0.89661 1.00002 26.4902 0.0252488 1.51467
0.899081 1.00001 26.4913 0.0271516 1.36827
0.898849 1.00001 26.4897 0.023943 1.23696
0.895914 1.00001 26.4873 0.0177384 1.12893
0.890275 1.00001 26.4906 0.0109476 1.04692
0.881933 0.999997 26.4911 0.00534533 0.990282
0.870887 1.00001 26.4893 0.00176694 0.956651
0.857139 1.00002 26.4854 0.000223923 0.942987
0.840687 1.00001 26.4885 0.00020765 0.946086
0.821532 1.00001 26.4894 0.00101185 0.962575
0.799674 1.00002 26.4882 0.00198258 0.989091
0.775112 1.00001 26.4871 0.00266627 1.02221
0.747848 1.00001 26.4871 0.00285876 1.05854
0.717879 1.00001 26.4868 0.00257651 1.09486
0.685208 1.00001 26.4871 0.00197986 1.12826
0.649834 1 26.487 0.00128097 1.15644
0.611756 1.00001 26.4869 0.000665215 1.17782
0.570975 1 26.4875 0.000243514 1.19169
0.527491 1.00001 26.4863 4.15019e-05 1.19812
0.481304 1.00001 26.4842 1.73063e-05 1.19783
0.432413 1.00001 26.4876 9.54505e-05 1.1921
0.380819 0.999999 26.4884 0.000199507 1.18247
0.326522 1.00001 26.4871 0.00027461 1.17052
0.269522 1.00001 26.4834 0.000296121 1.15776
0.209818 1.00001 26.4855 0.000266022 1.14541
0.147411 0.999999 26.487 0.000202808 1.13444
0.0823109 1 26.3141 0.0319795 1.12855
0.0166509 1.00002 23.1609 0.778978 1.7841
-0.0453955 1.00008 18.3429 1.84129 4.35785
-0.102372 1.00004 13.0413 2.73439 10.0525
-0.1522 1.00007 7.09866 3.18502 18.5758
-0.192561 1.00007 1.14631 2.86386 29.3677
-0.221305 1.00009 -3.71173 1.67255 40.3073
-0.23682 1.00007 -6.55366 0.402121 48.203
-0.238243 1.00009 -6.81425 0.0390365 49.3322
-0.225788 1.00007 -4.62443 0.593429 43.4711
-0.20097 1.00006 -0.922247 1.33567 33.2404
-0.166655 1.00005 2.96549 1.80857 22.4539
-0.126294 1.00003 6.01508 1.96719 13.5597
-0.0832338 1.00002 7.83414 1.90564 7.37131
-0.0401766 1.00001 8.60196 1.69704 3.65208
0.0010806 1 8.75866 1.36064 1.69058
0.0397578 1 8.76395 0.91271 0.79016
0.0757331 1 8.76319 0.508295 0.40802
0.109005 1.00001 8.76218 0.230384 0.246136
0.139574 1.00001 8.76176 0.0750672 0.179631
0.16744 1.00001 8.76132 0.0117905 0.158945
0.192602 1.00001 8.76149 0.00804203 0.165752
0.215061 1 8.76211 0.0369531 0.195119
0.234817 0.999998 8.76198 0.0782955 0.248335
0.251869 1 8.76106 0.117569 0.329477
0.266219 1 8.76024 0.145035 0.443016
0.277865 1.00001 8.76016 0.155237 0.591093
0.286808 1 8.75994 0.146936 0.770882
0.293047 1.00001 8.76038 0.123001 0.972465
0.296584 1 8.76104 0.0896946 1.1786
0.297417 1.00001 8.76083 0.0550206 1.36717
0.295547 1.00001 8.75948 0.0263493 1.51611
0.290973 1.00002 8.75764 0.00817983 1.60916
0.283697 1.00001 8.75889 0.00106319 1.64049
0.273717 1.00001 8.76026 0.00218368 1.61535
0.261034 0.999996 8.76017 0.00716509 1.54746
0.245648 1.00001 8.75919 0.0120445 1.45412
0.227558 1 8.75797 0.0144918 1.35184
0.206765 1.00001 8.75798 0.0139937 1.25348
0.183269 1 8.75797 0.0113068 1.16741
0.15707 1.00001 8.75825 0.00768721 1.09801
0.128168 1 8.75839 0.00427473 1.04672
0.0965618 1.00002 8.75799 0.00177606 1.01307
0.0622991 1.00001 8.62852 0.0184108 1.00377
0.0268124 1.00002 7.52789 0.285123 1.2378
-0.00794381 1.00002 6.25672 0.570877 2.02385
-0.041839 1.00006 4.83179 0.807281 3.56938
-0.0740736 1.00004 3.10762 0.993353 6.08473
-0.103493 1.00004 1.1454 1.04212 9.51813
-0.128933 1.00004 -0.861326 0.886219 13.5794
-0.149271 1.00007 -2.72227 0.575774 17.7953
-0.163445 1.00005 -4.16243 0.247666 21.4326
-0.170633 1.00006 -4.94164 0.0371205 23.5429
-0.170512 1.00006 -4.92776 0.014873 23.5366
-0.163303 1.00006 -4.18259 0.140977 21.6136
-0.149755 1.00004 -2.94067 0.321739 18.3198
-0.13115 1.00005 -1.53 0.487909 14.4148
-0.109042 1.00004 -0.231078 0.593104 10.664
-0.0849816 1.00003 0.794971 0.624277 7.5081
-0.0603617 1.00002 1.50124 0.592743 5.08923
-0.0363359 1.00002 1.92715 0.518145 3.36865
-0.01378 1 2.14582 0.420094 2.21604
0.00669187 1.00001 2.23405 0.314593 1.47983
0.0246963 1 2.25555 0.213944 1.02783
0.0400394 1.00001 2.25678 0.124125 0.762527
0.0526802 1 2.25662 0.0566318 0.616543
0.0626177 1.00001 2.2562 0.0178343 0.545036
0.0698519 1.00001 2.25552 0.00349472 0.523166
0.0743829 1.00002 2.25497 0.00554024 0.537869
0.0762107 1.00001 2.25512 0.0157188 0.582298
0.0753353 1.00001 2.25532 0.0272636 0.65221
0.0717565 1 2.25527 0.0355715 0.743651
0.0654745 1.00001 2.25497 0.0383524 0.851446
0.0564893 0.999999 2.25464 0.035435 0.968393
0.0449223 1.00001 2.1997 0.0518867 1.09768
0.0314064 1 2.06452 0.0905743 1.28657
0.0162011 1.00002 1.87241 0.127987 1.5683
-0.000379553 1.00002 1.59892 0.165187 1.98871
